0	89.6781
100	89.6565
200	89.6565
300	89.6153
400	89.6135
500	89.6046
600	89.6046
700	89.6028
800	89.6028
900	89.5975
1000	89.5974
1100	89.5974
1200	89.5887
1300	89.569
1400	89.5644
1500	89.5518
1600	89.5317
1700	89.5317
1800	89.511
1900	89.5038
2000	89.5022
2100	89.5013
2200	89.4935
2300	89.4713
2400	89.4713
2500	89.4654
2600	89.445
2700	89.4409
2800	89.4409
2900	89.4409
3000	89.4409
3100	89.4348
3200	89.4348
3300	89.4286
3400	89.4286
3500	89.4204
3600	89.4204
3700	89.4204
3800	89.4204
3900	89.4107
4000	89.4043
4100	89.4043
4200	89.4043
4300	89.3993
4400	89.3946
4500	89.3899
4600	89.3787
4700	89.3787
4800	89.3787
4900	89.3787
5000	89.3787
5100	89.3697
5200	89.3697
5300	89.3697
5400	89.3697
5500	89.3572
5600	89.3569
5700	89.3389
5800	89.3375
5900	89.3192
6000	89.3192
6100	89.3192
6200	89.3071
6300	89.3071
6400	89.3071
6500	89.3053
6600	89.3053
6700	89.3046
6800	89.2987
6900	89.297
7000	89.294
7100	89.294
7200	89.294
7300	89.294
7400	89.294
7500	89.2879
7600	89.2879
7700	89.2879
7800	89.2721
7900	89.252
8000	89.2501
8100	89.2501
8200	89.2395
8300	89.2298
8400	89.2177
8500	89.214
8600	89.2101
8700	89.2101
8800	89.1777
8900	89.1777
9000	89.1775
9100	89.1775
9200	89.1764
9300	89.1701
9400	89.1701
9500	89.1701
9600	89.1271
9700	89.1271
9800	89.1271
9900	89.1152
10000	89.105
10100	89.105
10200	89.105
10300	89.0967
10400	89.0967
10500	89.0951
10600	89.0951
10700	89.0951
10800	89.0802
10900	89.0687
11000	89.0687
11100	89.0687
11200	89.0687
11300	89.0687
11400	89.0667
11500	89.0509
11600	89.0509
11700	89.0509
11800	89.0483
11900	89.0483
12000	89.0465
12100	89.0465
12200	89.0386
12300	89.0386
12400	89.0352
12500	89.032
12600	89.032
12700	89.0253
12800	89.0142
12900	89.0075
13000	88.9965
13100	88.9876
13200	88.9765
13300	88.9757
13400	88.9715
13500	88.969
13600	88.9632
13700	88.9632
13800	88.9632
13900	88.9573
14000	88.9501
14100	88.9381
14200	88.9354
14300	88.9354
14400	88.9354
14500	88.9301
14600	88.9301
14700	88.919
14800	88.9095
14900	88.9033
15000	88.902
15100	88.9017
15200	88.9017
15300	88.895
15400	88.8756
15500	88.8756
15600	88.8756
15700	88.8675
15800	88.8572
15900	88.839
16000	88.8219
16100	88.8219
16200	88.8168
16300	88.8168
16400	88.8117
16500	88.8117
16600	88.8102
16700	88.8049
16800	88.8049
16900	88.8049
17000	88.8049
17100	88.7944
17200	88.7872
17300	88.7872
17400	88.7784
17500	88.7732
17600	88.7732
17700	88.7621
17800	88.7621
17900	88.7578
18000	88.7578
18100	88.7578
18200	88.7266
18300	88.7266
18400	88.7208
18500	88.7038
18600	88.703
18700	88.701
18800	88.701
18900	88.701
19000	88.701
19100	88.701
19200	88.701
19300	88.701
19400	88.701
19500	88.701
19600	88.6976
19700	88.6976
19800	88.6787
19900	88.6787
20000	88.673
20100	88.6727
20200	88.6714
20300	88.6714
20400	88.6558
20500	88.644
20600	88.644
20700	88.6414
20800	88.6414
20900	88.6403
21000	88.6403
21100	88.6301
21200	88.6288
21300	88.6253
21400	88.625
21500	88.6148
21600	88.6052
21700	88.5829
21800	88.5749
21900	88.5592
22000	88.5556
22100	88.5488
22200	88.532
22300	88.5196
22400	88.4844
22500	88.4844
22600	88.4844
22700	88.4624
22800	88.4586
22900	88.4586
23000	88.4586
23100	88.4572
23200	88.4496
23300	88.4423
23400	88.4423
23500	88.4423
23600	88.4274
23700	88.4274
23800	88.4274
23900	88.4116
24000	88.4116
24100	88.3842
24200	88.3842
24300	88.3713
24400	88.3713
24500	88.3713
24600	88.354
24700	88.354
24800	88.3334
24900	88.3334
25000	88.3334
25100	88.3221
25200	88.3153
25300	88.3141
25400	88.2957
25500	88.2893
25600	88.2874
25700	88.2874
25800	88.2874
25900	88.2774
26000	88.275
26100	88.2744
26200	88.2583
26300	88.2583
26400	88.2458
26500	88.2458
26600	88.2368
26700	88.2337
26800	88.225
26900	88.225
27000	88.225
27100	88.225
27200	88.225
27300	88.2197
27400	88.2197
27500	88.2197
27600	88.2017
27700	88.2017
27800	88.1916
27900	88.1905
28000	88.186
28100	88.186
28200	88.186
28300	88.1832
28400	88.1803
28500	88.1803
28600	88.1747
28700	88.1723
28800	88.1723
28900	88.1652
29000	88.1616
29100	88.1546
29200	88.1546
29300	88.1518
29400	88.1518
29500	88.1518
29600	88.1518
29700	88.1474
29800	88.1387
29900	88.1387
30000	88.1345
30100	88.1259
30200	88.1259
30300	88.1243
30400	88.1196
30500	88.107
30600	88.107
30700	88.1041
30800	88.0962
30900	88.092
31000	88.0907
31100	88.0888
31200	88.0888
31300	88.0867
31400	88.0784
31500	88.0784
31600	88.0784
31700	88.0784
31800	88.053
31900	88.043
32000	88.0424
32100	88.0392
32200	88.0377
32300	88.0315
32400	88.0207
32500	88.0207
32600	88.0207
32700	88.0202
32800	88.0196
32900	88.0172
33000	87.988
33100	87.9834
33200	87.9802
33300	87.9802
33400	87.9802
33500	87.9655
33600	87.9603
33700	87.9473
33800	87.9297
33900	87.9297
34000	87.9248
34100	87.9128
34200	87.909
34300	87.9067
34400	87.9067
34500	87.9056
34600	87.9056
34700	87.8997
34800	87.8942
34900	87.8942
35000	87.8917
35100	87.8878
35200	87.8856
35300	87.8847
35400	87.8829
35500	87.8777
35600	87.8777
35700	87.872
35800	87.8699
35900	87.8664
36000	87.8654
36100	87.8525
36200	87.8398
36300	87.8301
36400	87.8301
36500	87.8293
36600	87.8017
36700	87.8017
36800	87.8016
36900	87.7814
37000	87.7765
37100	87.7747
37200	87.7691
37300	87.7691
37400	87.766
37500	87.766
37600	87.766
37700	87.7572
37800	87.739
37900	87.739
38000	87.7362
38100	87.7311
38200	87.7287
38300	87.7136
38400	87.7057
38500	87.7057
38600	87.7057
38700	87.6983
38800	87.6872
38900	87.6872
39000	87.6776
39100	87.6776
39200	87.6776
39300	87.6765
39400	87.6696
39500	87.669
39600	87.6664
39700	87.6618
39800	87.6618
39900	87.6618
40000	87.6569
40100	87.6531
40200	87.6434
40300	87.6414
40400	87.6335
40500	87.6335
40600	87.6335
40700	87.6243
40800	87.6151
40900	87.6089
41000	87.6001
41100	87.6001
41200	87.5964
41300	87.5926
41400	87.5903
41500	87.5903
41600	87.5887
41700	87.585
41800	87.5736
41900	87.5736
42000	87.567
42100	87.5598
42200	87.5513
42300	87.5491
42400	87.5391
42500	87.5391
42600	87.5389
42700	87.5344
42800	87.508
42900	87.5079
43000	87.4908
43100	87.4902
43200	87.4902
43300	87.4902
43400	87.4902
43500	87.4679
43600	87.4678
43700	87.4678
43800	87.4638
43900	87.4596
44000	87.4543
44100	87.4543
44200	87.4463
44300	87.4421
44400	87.4275
44500	87.4226
44600	87.4211
44700	87.4188
44800	87.4188
44900	87.4188
45000	87.4188
45100	87.4188
45200	87.4183
45300	87.4175
45400	87.4152
45500	87.4152
45600	87.4122
45700	87.4114
45800	87.4002
45900	87.3814
46000	87.3649
46100	87.3558
46200	87.3332
46300	87.3269
46400	87.3204
46500	87.3204
46600	87.3204
46700	87.3145
46800	87.3143
46900	87.3143
47000	87.3143
47100	87.2961
47200	87.2961
47300	87.2952
47400	87.2952
47500	87.29
47600	87.2846
47700	87.2846
47800	87.2624
47900	87.2574
48000	87.2534
48100	87.2525
48200	87.2389
48300	87.2389
48400	87.2389
48500	87.2344
48600	87.2344
48700	87.2305
48800	87.2305
48900	87.2305
49000	87.2125
49100	87.2122
49200	87.2122
49300	87.2122
49400	87.1978
49500	87.1978
49600	87.1932
49700	87.1849
49800	87.1849
49900	87.1849
50000	87.1841
50100	87.1726
50200	87.1726
50300	87.1726
50400	87.1726
50500	87.1726
50600	87.1726
50700	87.1662
50800	87.1651
50900	87.1651
51000	87.1451
51100	87.1451
51200	87.1451
51300	87.1451
51400	87.137
51500	87.137
51600	87.1117
51700	87.1117
51800	87.0954
51900	87.0881
52000	87.0881
52100	87.0866
52200	87.0866
52300	87.0866
52400	87.0866
52500	87.0656
52600	87.0656
52700	87.0656
52800	87.0438
52900	87.008
53000	87.008
53100	87.0071
53200	86.9994
53300	86.9985
53400	86.993
53500	86.9819
53600	86.9791
53700	86.9731
53800	86.9731
53900	86.9729
54000	86.9675
54100	86.9623
54200	86.9623
54300	86.9623
54400	86.9623
54500	86.9623
54600	86.9623
54700	86.9548
54800	86.9394
54900	86.9341
55000	86.9279
55100	86.9246
55200	86.9225
55300	86.9003
55400	86.9003
55500	86.8958
55600	86.8958
55700	86.8936
55800	86.8853
55900	86.8789
56000	86.8789
56100	86.8674
56200	86.8544
56300	86.8542
56400	86.8304
56500	86.8304
56600	86.8178
56700	86.8178
56800	86.8161
56900	86.8101
57000	86.7966
57100	86.7964
57200	86.7908
57300	86.7847
57400	86.7782
57500	86.7782
57600	86.7782
57700	86.7733
57800	86.7509
57900	86.7451
58000	86.7325
58100	86.7257
58200	86.7175
58300	86.6949
58400	86.6899
58500	86.6899
58600	86.6826
58700	86.6661
58800	86.6573
58900	86.6496
59000	86.6496
59100	86.6419
59200	86.6419
59300	86.6372
59400	86.6372
59500	86.6354
59600	86.6304
59700	86.6281
59800	86.6199
59900	86.6187
60000	86.6129
60100	86.6129
60200	86.6129
60300	86.6129
60400	86.6053
60500	86.6053
60600	86.6008
60700	86.5881
60800	86.5808
60900	86.5808
61000	86.5806
61100	86.5806
61200	86.5796
61300	86.5796
61400	86.5796
61500	86.5796
61600	86.5796
61700	86.5704
61800	86.5704
61900	86.5686
62000	86.5657
62100	86.5657
62200	86.5566
62300	86.5493
62400	86.5305
62500	86.5305
62600	86.5305
62700	86.5148
62800	86.5109
62900	86.5098
63000	86.5095
63100	86.5059
63200	86.4982
63300	86.4925
63400	86.4812
63500	86.4812
63600	86.4812
63700	86.4744
63800	86.4744
63900	86.4519
64000	86.4489
64100	86.4489
64200	86.4334
64300	86.4291
64400	86.4268
64500	86.4214
64600	86.4019
64700	86.4019
64800	86.398
64900	86.398
65000	86.3827
65100	86.3691
65200	86.3686
65300	86.3486
65400	86.3466
65500	86.3056
65600	86.2947
65700	86.294
65800	86.2912
65900	86.2912
66000	86.2892
66100	86.2892
66200	86.2867
66300	86.2709
66400	86.2706
66500	86.2665
66600	86.2665
66700	86.2591
66800	86.2591
66900	86.2567
67000	86.2567
67100	86.2567
67200	86.2567
67300	86.2565
67400	86.2421
67500	86.2412
67600	86.2334
67700	86.2334
67800	86.2325
67900	86.2269
68000	86.2269
68100	86.2136
68200	86.2136
68300	86.2119
68400	86.2025
68500	86.2025
68600	86.2025
68700	86.1719
68800	86.1719
68900	86.1628
69000	86.1548
69100	86.15
69200	86.1432
69300	86.135
69400	86.1296
69500	86.1296
69600	86.1081
69700	86.105
69800	86.1026
69900	86.0963
70000	86.0944
70100	86.0936
70200	86.0936
70300	86.0903
70400	86.0865
70500	86.0681
70600	86.065
70700	86.065
70800	86.065
70900	86.044
71000	86.044
71100	86.0395
71200	86.0329
71300	86.0268
71400	86.0175
71500	86.0087
71600	86.0022
71700	85.993
71800	85.9844
71900	85.9834
72000	85.9834
72100	85.9793
72200	85.9793
72300	85.9712
72400	85.9617
72500	85.9617
72600	85.9617
72700	85.9497
72800	85.9489
72900	85.9422
73000	85.9422
73100	85.9422
73200	85.9422
73300	85.9343
73400	85.9281
73500	85.9255
73600	85.9255
73700	85.9255
73800	85.9241
73900	85.9133
74000	85.9133
74100	85.9133
74200	85.9114
74300	85.9107
74400	85.8999
74500	85.8965
74600	85.8912
74700	85.8904
74800	85.8904
74900	85.8858
75000	85.872
75100	85.8654
75200	85.8625
75300	85.8557
75400	85.8557
75500	85.8543
75600	85.852
75700	85.852
75800	85.8399
75900	85.8384
76000	85.8342
76100	85.8342
76200	85.8342
76300	85.8342
76400	85.8016
76500	85.796
76600	85.7892
76700	85.787
76800	85.787
76900	85.7835
77000	85.779
77100	85.7683
77200	85.7625
77300	85.7625
77400	85.7295
77500	85.7286
77600	85.7207
77700	85.711
77800	85.711
77900	85.707
78000	85.707
78100	85.7052
78200	85.699
78300	85.699
78400	85.692
78500	85.6885
78600	85.6885
78700	85.6849
78800	85.6831
78900	85.6831
79000	85.6831
79100	85.679
79200	85.6749
79300	85.6749
79400	85.6749
79500	85.6749
79600	85.674
79700	85.674
79800	85.674
79900	85.674
80000	85.6727
80100	85.6577
80200	85.6577
80300	85.6459
80400	85.6459
80500	85.637
80600	85.632
80700	85.632
80800	85.631
80900	85.631
81000	85.6291
81100	85.6291
81200	85.6291
81300	85.6267
81400	85.6237
81500	85.6193
81600	85.6012
81700	85.5999
81800	85.5956
81900	85.5835
82000	85.5671
82100	85.564
82200	85.564
82300	85.564
82400	85.564
82500	85.564
82600	85.5478
82700	85.5457
82800	85.535
82900	85.535
83000	85.535
83100	85.535
83200	85.5228
83300	85.5228
83400	85.507
83500	85.4982
83600	85.488
83700	85.485
83800	85.4674
83900	85.4607
84000	85.4588
84100	85.4505
84200	85.4505
84300	85.4505
84400	85.4414
84500	85.4159
84600	85.4159
84700	85.4159
84800	85.4147
84900	85.4066
85000	85.4057
85100	85.4057
85200	85.4055
85300	85.4055
85400	85.4019
85500	85.394
85600	85.3925
85700	85.3826
85800	85.3707
85900	85.3707
86000	85.3689
86100	85.3589
86200	85.3576
86300	85.3554
86400	85.3554
86500	85.35
86600	85.35
86700	85.3466
86800	85.3459
86900	85.3459
87000	85.3442
87100	85.3282
87200	85.3173
87300	85.3051
87400	85.3051
87500	85.3032
87600	85.2983
87700	85.2959
87800	85.2959
87900	85.286
88000	85.286
88100	85.2831
88200	85.2811
88300	85.2765
88400	85.2765
88500	85.2742
88600	85.2688
88700	85.2648
88800	85.2648
88900	85.2648
89000	85.2648
89100	85.2597
89200	85.2569
89300	85.2569
89400	85.2569
89500	85.2569
89600	85.2474
89700	85.2474
89800	85.2358
89900	85.234
90000	85.2204
90100	85.2189
90200	85.2189
90300	85.2189
90400	85.201
90500	85.1975
90600	85.1975
90700	85.1924
90800	85.187
90900	85.1808
91000	85.1716
91100	85.1716
91200	85.1646
91300	85.1607
91400	85.1463
91500	85.1463
91600	85.1408
91700	85.1345
91800	85.1221
91900	85.1194
92000	85.107
92100	85.1003
92200	85.0924
92300	85.0924
92400	85.092
92500	85.092
92600	85.092
92700	85.0876
92800	85.0876
92900	85.0843
93000	85.0724
93100	85.0713
93200	85.0668
93300	85.0668
93400	85.0668
93500	85.0608
93600	85.0522
93700	85.0212
93800	85.0212
93900	85.0212
94000	85.0195
94100	85.0194
94200	84.9927
94300	84.9927
94400	84.9927
94500	84.9886
94600	84.9879
94700	84.9866
94800	84.9754
94900	84.9754
95000	84.9754
95100	84.9678
95200	84.9678
95300	84.9678
95400	84.9655
95500	84.965
95600	84.9642
95700	84.9546
95800	84.9463
95900	84.9457
96000	84.9457
96100	84.9424
96200	84.9375
96300	84.9362
96400	84.9362
96500	84.9351
96600	84.9319
96700	84.9241
96800	84.9151
96900	84.9075
97000	84.9067
97100	84.9021
97200	84.892
97300	84.892
97400	84.8908
97500	84.8864
97600	84.8864
97700	84.877
97800	84.877
97900	84.8718
98000	84.8715
98100	84.8679
98200	84.8481
98300	84.8481
98400	84.8434
98500	84.8434
98600	84.8357
98700	84.8357
98800	84.8322
98900	84.8322
99000	84.8211
99100	84.8158
99200	84.8158
99300	84.8158
99400	84.8066
99500	84.7966
99600	84.7918
99700	84.7918
99800	84.7809
99900	84.7674
100000	84.7671
100100	84.7655
100200	84.7586
100300	84.7467
100400	84.7467
100500	84.7446
100600	84.7348
100700	84.7215
100800	84.7192
100900	84.7192
101000	84.7192
101100	84.7117
101200	84.7117
101300	84.6946
101400	84.6736
101500	84.6736
101600	84.6641
101700	84.6641
101800	84.6613
101900	84.6613
102000	84.6581
102100	84.6581
102200	84.6581
102300	84.6581
102400	84.6526
102500	84.6483
102600	84.6452
102700	84.6222
102800	84.6112
102900	84.6081
103000	84.5979
103100	84.5979
103200	84.5905
103300	84.5905
103400	84.5905
103500	84.5861
103600	84.5861
103700	84.5805
103800	84.5805
103900	84.5606
104000	84.5564
104100	84.5461
104200	84.545
104300	84.5426
104400	84.5426
104500	84.5426
104600	84.5409
104700	84.5409
104800	84.5384
104900	84.5333
105000	84.5333
105100	84.5305
105200	84.5305
105300	84.5305
105400	84.5249
105500	84.521
105600	84.521
105700	84.5201
105800	84.5188
105900	84.516
106000	84.516
106100	84.5117
106200	84.5117
106300	84.5117
106400	84.5117
106500	84.5029
106600	84.5012
106700	84.4967
106800	84.4967
106900	84.4956
107000	84.4935
107100	84.4841
107200	84.4841
107300	84.4746
107400	84.4746
107500	84.4694
107600	84.4538
107700	84.4428
107800	84.4339
107900	84.4279
108000	84.4231
108100	84.4231
108200	84.4211
108300	84.4113
108400	84.4113
108500	84.4113
108600	84.4113
108700	84.3933
108800	84.3933
108900	84.3933
109000	84.3933
109100	84.3933
109200	84.3933
109300	84.381
109400	84.3787
109500	84.3787
109600	84.3781
109700	84.3771
109800	84.3663
109900	84.3625
110000	84.3616
110100	84.3616
110200	84.3596
110300	84.3596
110400	84.3596
110500	84.3596
110600	84.3564
110700	84.3564
110800	84.3512
110900	84.3512
111000	84.3512
111100	84.3512
111200	84.3497
111300	84.3497
111400	84.3419
111500	84.3412
111600	84.3412
111700	84.333
111800	84.3269
111900	84.3197
112000	84.3156
112100	84.3156
112200	84.3156
112300	84.299
112400	84.2895
112500	84.2813
112600	84.2805
112700	84.2734
112800	84.2628
112900	84.2613
113000	84.2613
113100	84.2506
113200	84.2416
113300	84.2416
113400	84.2416
113500	84.2409
113600	84.2409
113700	84.2388
113800	84.23
113900	84.23
114000	84.2159
114100	84.2159
114200	84.214
114300	84.2116
114400	84.2076
114500	84.2054
114600	84.1993
114700	84.1993
114800	84.1933
114900	84.1854
115000	84.1664
115100	84.1592
115200	84.1571
115300	84.1567
115400	84.1567
115500	84.1567
115600	84.1456
115700	84.1388
115800	84.1388
115900	84.1388
116000	84.1345
116100	84.1329
116200	84.1285
116300	84.1159
116400	84.1106
116500	84.107
116600	84.107
116700	84.107
116800	84.107
116900	84.1038
117000	84.0956
117100	84.0956
117200	84.0956
117300	84.0956
117400	84.0956
117500	84.0755
117600	84.0755
117700	84.071
117800	84.071
117900	84.0572
118000	84.0572
118100	84.045
118200	84.0445
118300	84.0445
118400	84.0445
118500	84.0445
118600	84.0434
118700	84.0392
118800	84.0301
118900	84.0228
119000	84.0203
119100	84.0203
119200	84.0073
119300	83.9892
119400	83.9799
119500	83.9799
119600	83.9768
119700	83.9611
119800	83.9555
119900	83.9555
120000	83.9407
120100	83.9367
120200	83.9164
120300	83.9164
120400	83.9118
120500	83.9113
120600	83.9107
120700	83.9107
120800	83.9083
120900	83.9083
121000	83.8961
121100	83.8961
121200	83.8866
121300	83.8866
121400	83.8825
121500	83.8804
121600	83.8804
121700	83.8804
121800	83.8779
121900	83.8779
122000	83.8779
122100	83.8755
122200	83.853
122300	83.8528
122400	83.8433
122500	83.8395
122600	83.829
122700	83.8289
122800	83.827
122900	83.827
123000	83.822
123100	83.8208
123200	83.8191
123300	83.8191
123400	83.8191
123500	83.8118
123600	83.8108
123700	83.8108
123800	83.8108
123900	83.8074
124000	83.7954
124100	83.7893
124200	83.7814
124300	83.7799
124400	83.7799
124500	83.7799
124600	83.7772
124700	83.7765
124800	83.7649
124900	83.7649
125000	83.7649
125100	83.7286
125200	83.7286
125300	83.7245
125400	83.7245
125500	83.7166
125600	83.7099
125700	83.7063
125800	83.7063
125900	83.7025
126000	83.6834
126100	83.6624
126200	83.6624
126300	83.6624
126400	83.6614
126500	83.6477
126600	83.6477
126700	83.6477
126800	83.6397
126900	83.6395
127000	83.6389
127100	83.6308
127200	83.6308
127300	83.6308
127400	83.6295
127500	83.6294
127600	83.6294
127700	83.6294
127800	83.6294
127900	83.6182
128000	83.6158
128100	83.6053
128200	83.6053
128300	83.6053
128400	83.605
128500	83.6047
128600	83.6018
128700	83.5973
128800	83.5939
128900	83.5939
129000	83.5901
129100	83.5863
129200	83.5837
129300	83.5837
129400	83.5837
129500	83.5766
129600	83.5598
129700	83.5598
129800	83.5576
129900	83.5403
130000	83.5403
130100	83.5403
130200	83.5403
130300	83.5362
130400	83.5362
130500	83.5362
130600	83.5362
130700	83.5319
130800	83.5319
130900	83.5285
131000	83.5285
131100	83.5262
131200	83.5262
131300	83.5262
131400	83.5231
131500	83.5149
131600	83.5149
131700	83.5075
131800	83.5002
131900	83.4908
132000	83.466
132100	83.4645
132200	83.4629
132300	83.4629
132400	83.4593
132500	83.4593
132600	83.4593
132700	83.4593
132800	83.4593
132900	83.4593
133000	83.4548
133100	83.4548
133200	83.4528
133300	83.4515
133400	83.4513
133500	83.4424
133600	83.4396
133700	83.4351
133800	83.4351
133900	83.4327
134000	83.422
134100	83.422
134200	83.4149
134300	83.4149
134400	83.4062
134500	83.4062
134600	83.4062
134700	83.3973
134800	83.3919
134900	83.3815
135000	83.3803
135100	83.3803
135200	83.3803
135300	83.3803
135400	83.3803
135500	83.3803
135600	83.3728
135700	83.3619
135800	83.356
135900	83.356
136000	83.3543
136100	83.3543
136200	83.3533
136300	83.3455
136400	83.3428
136500	83.34
136600	83.34
136700	83.3361
136800	83.3361
136900	83.3361
137000	83.335
137100	83.335
137200	83.324
137300	83.324
137400	83.324
137500	83.323
137600	83.323
137700	83.323
137800	83.3226
137900	83.3226
138000	83.3187
138100	83.3187
138200	83.3126
138300	83.3126
138400	83.3126
138500	83.3126
138600	83.3126
138700	83.3122
138800	83.3122
138900	83.3028
139000	83.3026
139100	83.2978
139200	83.2978
139300	83.2978
139400	83.2926
139500	83.2926
139600	83.2926
139700	83.2926
139800	83.2897
139900	83.2897
140000	83.2892
140100	83.2883
140200	83.2882
140300	83.2859
140400	83.2859
140500	83.2859
140600	83.2859
140700	83.2859
140800	83.2844
140900	83.2841
141000	83.2841
141100	83.2711
141200	83.2711
141300	83.2711
141400	83.2711
141500	83.2638
141600	83.2555
141700	83.2555
141800	83.2513
141900	83.246
142000	83.2312
142100	83.2312
142200	83.2254
142300	83.208
142400	83.2002
142500	83.1844
142600	83.1634
142700	83.163
142800	83.163
142900	83.162
143000	83.162
143100	83.162
143200	83.1579
143300	83.1526
143400	83.1458
143500	83.1458
143600	83.1444
143700	83.1393
143800	83.1267
143900	83.1267
144000	83.1192
144100	83.1173
144200	83.1166
144300	83.1131
144400	83.1107
144500	83.1092
144600	83.1078
144700	83.1068
144800	83.1068
144900	83.1068
145000	83.0936
145100	83.0891
145200	83.0767
145300	83.0767
145400	83.0758
145500	83.0736
145600	83.0688
145700	83.0593
145800	83.0428
145900	83.0428
146000	83.0427
146100	83.0337
146200	83.0337
146300	83.0337
146400	83.0309
146500	83.0279
146600	83.0056
146700	83.0056
146800	82.9947
146900	82.9821
147000	82.9821
147100	82.9821
147200	82.9819
147300	82.9819
147400	82.9756
147500	82.9686
147600	82.9673
147700	82.959
147800	82.9581
147900	82.9581
148000	82.9469
148100	82.9454
148200	82.9435
148300	82.9435
148400	82.9381
148500	82.9315
148600	82.9303
148700	82.9303
148800	82.9203
148900	82.9026
149000	82.9019
149100	82.9001
149200	82.9001
149300	82.8913
149400	82.8891
149500	82.8821
149600	82.8821
149700	82.8821
149800	82.8782
149900	82.8782
150000	82.8676
150100	82.8646
150200	82.855
150300	82.855
150400	82.8447
150500	82.8434
150600	82.8434
150700	82.8434
150800	82.8434
150900	82.8412
151000	82.8377
151100	82.8348
151200	82.8268
151300	82.8268
151400	82.8112
151500	82.8112
151600	82.8059
151700	82.8012
151800	82.7897
151900	82.7826
152000	82.7826
152100	82.7773
152200	82.7763
152300	82.7756
152400	82.7756
152500	82.7756
152600	82.7756
152700	82.7756
152800	82.7697
152900	82.7666
153000	82.7666
153100	82.7664
153200	82.7664
153300	82.7664
153400	82.762
153500	82.7614
153600	82.7585
153700	82.7585
153800	82.7492
153900	82.7492
154000	82.7492
154100	82.7398
154200	82.7316
154300	82.7316
154400	82.7204
154500	82.7138
154600	82.7138
154700	82.7117
154800	82.7117
154900	82.7071
155000	82.7071
155100	82.7066
155200	82.7053
155300	82.7046
155400	82.7046
155500	82.7046
155600	82.6996
155700	82.6996
155800	82.6951
155900	82.6951
156000	82.6895
156100	82.6895
156200	82.6891
156300	82.6891
156400	82.6891
156500	82.6891
156600	82.686
156700	82.6852
156800	82.6852
156900	82.6852
157000	82.6793
157100	82.6793
157200	82.6764
157300	82.6764
157400	82.6713
157500	82.6705
157600	82.6705
157700	82.6705
157800	82.6705
157900	82.665
158000	82.6508
158100	82.6503
158200	82.6479
158300	82.6445
158400	82.6411
158500	82.6411
158600	82.6411
158700	82.6314
158800	82.6312
158900	82.6281
159000	82.6235
159100	82.6221
159200	82.6221
159300	82.6211
159400	82.6192
159500	82.6148
159600	82.6148
159700	82.609
159800	82.609
159900	82.609
160000	82.6089
160100	82.6028
160200	82.6008
160300	82.5993
160400	82.5981
160500	82.5938
160600	82.5856
160700	82.5852
160800	82.5852
160900	82.5849
161000	82.5816
161100	82.5816
161200	82.5705
161300	82.5678
161400	82.5678
161500	82.5633
161600	82.5455
161700	82.5453
161800	82.5449
161900	82.5436
162000	82.5405
162100	82.5405
162200	82.536
162300	82.5314
162400	82.5304
162500	82.5283
162600	82.5243
162700	82.5243
162800	82.5172
162900	82.5072
163000	82.5034
163100	82.5034
163200	82.4984
163300	82.4913
163400	82.4913
163500	82.4852
163600	82.4802
163700	82.4753
163800	82.4746
163900	82.4746
164000	82.4746
164100	82.4608
164200	82.4562
164300	82.4408
164400	82.4391
164500	82.4299
164600	82.4224
164700	82.4169
164800	82.4018
164900	82.4003
165000	82.3967
165100	82.3944
165200	82.3944
165300	82.388
165400	82.388
165500	82.3839
165600	82.3839
165700	82.3691
165800	82.368
165900	82.368
166000	82.3593
166100	82.3593
166200	82.354
166300	82.3379
166400	82.3379
166500	82.3343
166600	82.3298
166700	82.3201
166800	82.3123
166900	82.3076
167000	82.301
167100	82.2891
167200	82.2891
167300	82.2877
167400	82.2809
167500	82.2809
167600	82.2809
167700	82.2809
167800	82.2628
167900	82.2628
168000	82.2525
168100	82.2486
168200	82.246
168300	82.237
168400	82.2286
168500	82.223
168600	82.223
168700	82.223
168800	82.2156
168900	82.2156
169000	82.2086
169100	82.2013
169200	82.1987
169300	82.1954
169400	82.1915
169500	82.1878
169600	82.1878
169700	82.1795
169800	82.1781
169900	82.1781
170000	82.1781
170100	82.1724
170200	82.1724
170300	82.1724
170400	82.1678
170500	82.1675
170600	82.1675
170700	82.1609
170800	82.1544
170900	82.1504
171000	82.1504
171100	82.1504
171200	82.1403
171300	82.1393
171400	82.1348
171500	82.133
171600	82.1306
171700	82.1236
171800	82.1236
171900	82.1185
172000	82.1141
172100	82.1135
172200	82.1135
172300	82.1128
172400	82.1128
172500	82.0934
172600	82.0931
172700	82.091
172800	82.0887
172900	82.081
173000	82.0808
173100	82.0756
173200	82.0689
173300	82.0689
173400	82.0689
173500	82.0642
173600	82.0586
173700	82.0578
173800	82.0515
173900	82.0249
174000	82.0086
174100	82.0086
174200	82.0086
174300	82.0063
174400	81.9906
174500	81.9891
174600	81.9891
174700	81.9789
174800	81.9727
174900	81.9727
175000	81.9681
175100	81.9652
175200	81.9651
175300	81.9651
175400	81.9617
175500	81.9543
175600	81.9543
175700	81.946
175800	81.946
175900	81.9396
176000	81.9325
176100	81.9199
176200	81.917
176300	81.9052
176400	81.9052
176500	81.9003
176600	81.8772
176700	81.8772
176800	81.8772
176900	81.8696
177000	81.8696
177100	81.8696
177200	81.8696
177300	81.865
177400	81.8552
177500	81.8463
177600	81.8441
177700	81.8441
177800	81.841
177900	81.8388
178000	81.8341
178100	81.8341
178200	81.8341
178300	81.8341
178400	81.8336
178500	81.8336
178600	81.8302
178700	81.8302
178800	81.8223
178900	81.8223
179000	81.821
179100	81.8183
179200	81.8183
179300	81.8156
179400	81.8036
179500	81.7968
179600	81.7968
179700	81.7867
179800	81.7783
179900	81.7736
180000	81.7686
180100	81.7626
180200	81.7595
180300	81.7595
180400	81.7569
180500	81.7569
180600	81.7569
180700	81.7523
180800	81.7451
180900	81.7451
181000	81.7398
181100	81.732
181200	81.732
181300	81.7307
181400	81.7307
181500	81.7264
181600	81.7149
181700	81.7149
181800	81.7129
181900	81.7129
182000	81.7064
182100	81.7053
182200	81.694
182300	81.6895
182400	81.6704
182500	81.6658
182600	81.6656
182700	81.6589
182800	81.6586
182900	81.6498
183000	81.6498
183100	81.6498
183200	81.6485
183300	81.6485
183400	81.6369
183500	81.6369
183600	81.6369
183700	81.6357
183800	81.6331
183900	81.6331
184000	81.6153
184100	81.6139
184200	81.6119
184300	81.6099
184400	81.5954
184500	81.5867
184600	81.5822
184700	81.5822
184800	81.5703
184900	81.5703
185000	81.5678
185100	81.5661
185200	81.5629
185300	81.5461
185400	81.5425
185500	81.5378
185600	81.5378
185700	81.5378
185800	81.5323
185900	81.5323
186000	81.5248
186100	81.5248
186200	81.5199
186300	81.5196
186400	81.5196
186500	81.5165
186600	81.4955
186700	81.4875
186800	81.4875
186900	81.4746
187000	81.4746
187100	81.4627
187200	81.4599
187300	81.4599
187400	81.4599
187500	81.4599
187600	81.4595
187700	81.4591
187800	81.4591
187900	81.4591
188000	81.4591
188100	81.4568
188200	81.4534
188300	81.4534
188400	81.4534
188500	81.4527
188600	81.4527
188700	81.4527
188800	81.4527
188900	81.4473
189000	81.4372
189100	81.4372
189200	81.4372
189300	81.4344
189400	81.4264
189500	81.4207
189600	81.4207
189700	81.4167
189800	81.4167
189900	81.4122
190000	81.4106
190100	81.4106
190200	81.4054
190300	81.4054
190400	81.3911
190500	81.3911
190600	81.3788
190700	81.3778
190800	81.3778
190900	81.3778
191000	81.3641
191100	81.3641
191200	81.3641
191300	81.3637
191400	81.3604
191500	81.3604
191600	81.3541
191700	81.3541
191800	81.3541
191900	81.3435
192000	81.3435
192100	81.3405
192200	81.3405
192300	81.3405
192400	81.3352
192500	81.3259
192600	81.322
192700	81.322
192800	81.322
192900	81.3197
193000	81.3111
193100	81.3111
193200	81.3103
193300	81.3037
193400	81.2903
193500	81.2889
193600	81.2814
193700	81.274
193800	81.274
193900	81.274
194000	81.274
194100	81.2729
194200	81.2729
194300	81.2609
194400	81.2511
194500	81.2471
194600	81.2408
194700	81.2408
194800	81.2356
194900	81.235
195000	81.235
195100	81.235
195200	81.2345
195300	81.2345
195400	81.223
195500	81.2051
195600	81.2051
195700	81.2051
195800	81.1982
195900	81.1916
196000	81.1908
196100	81.1908
196200	81.1908
196300	81.1907
196400	81.1907
196500	81.1907
196600	81.1907
196700	81.1872
196800	81.1704
196900	81.1704
197000	81.1665
197100	81.1665
197200	81.1655
197300	81.1607
197400	81.1464
197500	81.1464
197600	81.1359
197700	81.1359
197800	81.1359
197900	81.1287
198000	81.1209
198100	81.1208
198200	81.115
198300	81.114
198400	81.114
198500	81.1109
198600	81.104
198700	81.104
198800	81.104
198900	81.104
199000	81.104
199100	81.1034
199200	81.1034
199300	81.1022
199400	81.0957
199500	81.0926
199600	81.0909
199700	81.0909
199800	81.0909
199900	81.0909
200000	81.0888
200100	81.0849
200200	81.071
200300	81.071
200400	81.071
200500	81.071
200600	81.065
200700	81.065
200800	81.065
200900	81.0627
201000	81.0627
201100	81.0621
201200	81.0532
201300	81.0532
201400	81.0532
201500	81.0532
201600	81.0532
201700	81.0532
201800	81.0457
201900	81.0393
202000	81.0333
202100	81.0333
202200	81.0333
202300	81.0333
202400	81.0333
202500	81.0333
202600	81.0333
202700	81.0277
202800	81.0235
202900	81.0199
203000	81.0198
203100	81.0165
203200	81.009
203300	81.009
203400	81.0074
203500	81.0048
203600	81.0048
203700	81.0048
203800	81.0041
203900	81.0018
204000	81.0018
204100	81.0018
204200	81.0018
204300	80.9968
204400	80.9949
204500	80.9819
204600	80.9792
204700	80.9727
204800	80.9727
204900	80.9674
205000	80.9674
205100	80.9628
205200	80.9613
205300	80.9608
205400	80.959
205500	80.952
205600	80.943
205700	80.9418
205800	80.9418
205900	80.939
206000	80.9371
206100	80.9371
206200	80.9371
206300	80.9276
206400	80.9269
206500	80.9237
206600	80.9237
206700	80.9169
206800	80.9108
206900	80.9108
207000	80.9108
207100	80.9104
207200	80.9003
207300	80.9002
207400	80.8903
207500	80.8807
207600	80.8749
207700	80.8744
207800	80.8744
207900	80.8744
208000	80.8744
208100	80.8744
208200	80.8744
208300	80.8475
208400	80.8468
208500	80.8468
208600	80.8441
208700	80.8428
208800	80.8428
208900	80.8426
209000	80.8426
209100	80.8426
209200	80.8335
209300	80.8299
209400	80.8299
209500	80.8255
209600	80.8216
209700	80.8216
209800	80.8216
209900	80.8211
210000	80.8211
210100	80.8195
210200	80.8194
210300	80.8112
210400	80.8112
210500	80.8102
210600	80.8102
210700	80.7941
210800	80.7941
210900	80.7941
211000	80.7941
211100	80.794
211200	80.7857
211300	80.7857
211400	80.7786
211500	80.7786
211600	80.7777
211700	80.7709
211800	80.7697
211900	80.7631
212000	80.7631
212100	80.7631
212200	80.7631
212300	80.7535
212400	80.7518
212500	80.7518
212600	80.7518
212700	80.7502
212800	80.7502
212900	80.7502
213000	80.7502
213100	80.75
213200	80.7479
213300	80.7393
213400	80.7304
213500	80.7278
213600	80.7278
213700	80.7251
213800	80.7251
213900	80.7251
214000	80.7251
214100	80.7247
214200	80.7229
214300	80.7229
214400	80.7229
214500	80.7229
214600	80.7221
214700	80.716
214800	80.7113
214900	80.7067
215000	80.7067
215100	80.7002
215200	80.7002
215300	80.677
215400	80.677
215500	80.675
215600	80.675
215700	80.675
215800	80.675
215900	80.675
216000	80.675
216100	80.6695
216200	80.6695
216300	80.6601
216400	80.653
216500	80.6508
216600	80.6418
216700	80.6418
216800	80.6418
216900	80.6418
217000	80.6418
217100	80.6418
217200	80.6333
217300	80.6192
217400	80.6192
217500	80.6192
217600	80.6192
217700	80.6184
217800	80.6184
217900	80.6184
218000	80.6184
218100	80.6184
218200	80.6184
218300	80.6068
218400	80.6055
218500	80.6055
218600	80.6055
218700	80.5971
218800	80.5971
218900	80.5971
219000	80.5971
219100	80.5971
219200	80.5967
219300	80.592
219400	80.5895
219500	80.5895
219600	80.5895
219700	80.5783
219800	80.5771
219900	80.5771
220000	80.5761
220100	80.5761
220200	80.5761
220300	80.5761
220400	80.5761
220500	80.5724
220600	80.5724
220700	80.5724
220800	80.5724
220900	80.5705
221000	80.5705
221100	80.5649
221200	80.5644
221300	80.5644
221400	80.5636
221500	80.5532
221600	80.5532
221700	80.5502
221800	80.5502
221900	80.5502
222000	80.5502
222100	80.5502
222200	80.5346
222300	80.5346
222400	80.5335
222500	80.5199
222600	80.5199
222700	80.5199
222800	80.5163
222900	80.5155
223000	80.5087
223100	80.5087
223200	80.5087
223300	80.4945
223400	80.4945
223500	80.4945
223600	80.4945
223700	80.4945
223800	80.4945
223900	80.4811
224000	80.4811
224100	80.4811
224200	80.4769
224300	80.4769
224400	80.4679
224500	80.4536
224600	80.4536
224700	80.4322
224800	80.4211
224900	80.4211
225000	80.4166
225100	80.4166
225200	80.4166
225300	80.4166
225400	80.4122
225500	80.4122
225600	80.4012
225700	80.3975
225800	80.3975
225900	80.3975
226000	80.3975
226100	80.3913
226200	80.3913
226300	80.3844
226400	80.3844
226500	80.3844
226600	80.3787
226700	80.3776
226800	80.3776
226900	80.3776
227000	80.3776
227100	80.3761
227200	80.3761
227300	80.3761
227400	80.3761
227500	80.3695
227600	80.3583
227700	80.3567
227800	80.3567
227900	80.3567
228000	80.3567
228100	80.3482
228200	80.3469
228300	80.3393
228400	80.3393
228500	80.3393
228600	80.3393
228700	80.3393
228800	80.3323
228900	80.3323
229000	80.3323
229100	80.3323
229200	80.3323
229300	80.3318
229400	80.33
229500	80.3276
229600	80.3262
229700	80.3262
229800	80.3262
229900	80.3262
230000	80.3262
230100	80.3169
230200	80.3166
230300	80.3152
230400	80.3152
230500	80.3111
230600	80.3111
230700	80.3024
230800	80.2983
230900	80.2966
231000	80.2917
231100	80.2848
231200	80.2844
231300	80.2835
231400	80.2835
231500	80.2791
231600	80.2781
231700	80.2781
231800	80.2781
231900	80.2781
232000	80.2768
232100	80.276
232200	80.276
232300	80.276
232400	80.2695
232500	80.2695
232600	80.2695
232700	80.2661
232800	80.2661
232900	80.2661
233000	80.2661
233100	80.2658
233200	80.2595
233300	80.253
233400	80.253
233500	80.2526
233600	80.2526
233700	80.2442
233800	80.24
233900	80.24
234000	80.2395
234100	80.2258
234200	80.2258
234300	80.2258
234400	80.2258
234500	80.2258
234600	80.2258
234700	80.2258
234800	80.2243
234900	80.2243
235000	80.2123
235100	80.2123
235200	80.2123
235300	80.2113
235400	80.2113
235500	80.2113
235600	80.2102
235700	80.2069
235800	80.2018
235900	80.2018
236000	80.2018
236100	80.1976
236200	80.1976
236300	80.1959
236400	80.1886
236500	80.1874
236600	80.1874
236700	80.1851
236800	80.1771
236900	80.1756
237000	80.1721
237100	80.1721
237200	80.1721
237300	80.1715
237400	80.1715
237500	80.1674
237600	80.1674
237700	80.1537
237800	80.1537
237900	80.1537
238000	80.1537
238100	80.1528
238200	80.1528
238300	80.1488
238400	80.1488
238500	80.1488
238600	80.1484
238700	80.1484
238800	80.1484
238900	80.1484
239000	80.1484
239100	80.1484
239200	80.1484
239300	80.1391
239400	80.1375
239500	80.1326
239600	80.1178
239700	80.1119
239800	80.1119
239900	80.1083
240000	80.1083
240100	80.1052
240200	80.1018
240300	80.1018
240400	80.0902
240500	80.0865
240600	80.0865
240700	80.0865
240800	80.0828
240900	80.0828
241000	80.0828
241100	80.0777
241200	80.0758
241300	80.0748
241400	80.0679
241500	80.0679
241600	80.0679
241700	80.0679
241800	80.0679
241900	80.0651
242000	80.0624
242100	80.0622
242200	80.0563
242300	80.0536
242400	80.0522
242500	80.0522
242600	80.0435
242700	80.0432
242800	80.0432
242900	80.0368
243000	80.0316
243100	80.0181
243200	80.0181
243300	80.0146
243400	80.0143
243500	80.0143
243600	80.006
243700	80.0046
243800	80.0046
243900	80.0046
244000	80.0046
244100	80.0046
244200	80.0046
244300	80.0046
244400	79.9978
244500	79.9978
244600	79.9978
244700	79.9978
244800	79.9978
244900	79.9914
245000	79.9914
245100	79.9839
245200	79.9839
245300	79.9839
245400	79.9839
245500	79.9794
245600	79.9685
245700	79.9685
245800	79.9683
245900	79.9556
246000	79.949
246100	79.9449
246200	79.9449
246300	79.9449
246400	79.9356
246500	79.9356
246600	79.925
246700	79.9238
246800	79.9238
246900	79.9238
247000	79.9238
247100	79.9214
247200	79.9137
247300	79.9096
247400	79.9084
247500	79.9023
247600	79.9023
247700	79.9023
247800	79.897
247900	79.897
248000	79.897
248100	79.8915
248200	79.8897
248300	79.8859
248400	79.8859
248500	79.8859
248600	79.8859
248700	79.8699
248800	79.8611
248900	79.8611
249000	79.8506
249100	79.8499
249200	79.8491
249300	79.8491
249400	79.8491
249500	79.8491
249600	79.8491
249700	79.8491
249800	79.8376
249900	79.8345
250000	79.8332
250100	79.8332
250200	79.8332
250300	79.8332
250400	79.8194
250500	79.8076
250600	79.8076
250700	79.806
250800	79.8039
250900	79.8
251000	79.7986
251100	79.7969
251200	79.7895
251300	79.7895
251400	79.7887
251500	79.7887
251600	79.7833
251700	79.7818
251800	79.7768
251900	79.7761
252000	79.7708
252100	79.7708
252200	79.7708
252300	79.7662
252400	79.7662
252500	79.7662
252600	79.7662
252700	79.7654
252800	79.7643
252900	79.7643
253000	79.7643
253100	79.7569
253200	79.7556
253300	79.749
253400	79.749
253500	79.749
253600	79.7422
253700	79.7377
253800	79.7345
253900	79.7316
254000	79.7316
254100	79.7316
254200	79.728
254300	79.728
254400	79.728
254500	79.728
254600	79.7274
254700	79.7179
254800	79.7164
254900	79.7164
255000	79.7122
255100	79.7122
255200	79.7122
255300	79.7122
255400	79.7102
255500	79.7085
255600	79.7084
255700	79.7084
255800	79.7084
255900	79.7026
256000	79.7026
256100	79.7026
256200	79.7026
256300	79.7026
256400	79.7026
256500	79.6956
256600	79.6955
256700	79.6936
256800	79.6936
256900	79.6936
257000	79.692
257100	79.692
257200	79.6841
257300	79.6841
257400	79.6841
257500	79.6841
257600	79.6841
257700	79.6813
257800	79.6813
257900	79.6813
258000	79.68
258100	79.6718
258200	79.6714
258300	79.6714
258400	79.6661
258500	79.6661
258600	79.6625
258700	79.6625
258800	79.6625
258900	79.6625
259000	79.6625
259100	79.6625
259200	79.6625
259300	79.6625
259400	79.6625
259500	79.6581
259600	79.6581
259700	79.6581
259800	79.6581
259900	79.6581
260000	79.6581
260100	79.6581
260200	79.6581
260300	79.6581
260400	79.6581
260500	79.6572
260600	79.6572
260700	79.6572
260800	79.6572
260900	79.6565
261000	79.6565
261100	79.6536
261200	79.6536
261300	79.6532
261400	79.6532
261500	79.6513
261600	79.6513
261700	79.6513
261800	79.6513
261900	79.6465
262000	79.6456
262100	79.6383
262200	79.6356
262300	79.6337
262400	79.6337
262500	79.6335
262600	79.6335
262700	79.6275
262800	79.6275
262900	79.626
263000	79.626
263100	79.626
263200	79.617
263300	79.6084
263400	79.6082
263500	79.6025
263600	79.6014
263700	79.6014
263800	79.5947
263900	79.5836
264000	79.5836
264100	79.5836
264200	79.5836
264300	79.5836
264400	79.5667
264500	79.5667
264600	79.5597
264700	79.5597
264800	79.5523
264900	79.5519
265000	79.5519
265100	79.5499
265200	79.5467
265300	79.5467
265400	79.5422
265500	79.5297
265600	79.5283
265700	79.5283
265800	79.5283
265900	79.5283
266000	79.5261
266100	79.5261
266200	79.5198
266300	79.5193
266400	79.5193
266500	79.5152
266600	79.5118
266700	79.4988
266800	79.4988
266900	79.4988
267000	79.4988
267100	79.498
267200	79.4891
267300	79.4849
267400	79.4822
267500	79.4801
267600	79.4791
267700	79.4791
267800	79.4777
267900	79.4772
268000	79.4772
268100	79.4762
268200	79.4762
268300	79.4759
268400	79.4749
268500	79.4749
268600	79.4749
268700	79.4749
268800	79.4743
268900	79.4743
269000	79.4743
269100	79.4681
269200	79.4576
269300	79.4571
269400	79.4571
269500	79.4571
269600	79.4571
269700	79.4571
269800	79.4536
269900	79.4536
270000	79.4536
270100	79.4536
270200	79.4536
270300	79.4536
270400	79.4526
270500	79.4526
270600	79.4526
270700	79.4526
270800	79.4526
270900	79.4335
271000	79.4335
271100	79.4335
271200	79.423
271300	79.4196
271400	79.4196
271500	79.4196
271600	79.4196
271700	79.418
271800	79.4165
271900	79.4165
272000	79.4035
272100	79.3962
272200	79.3931
272300	79.3931
272400	79.3807
272500	79.3807
272600	79.3793
272700	79.3793
272800	79.3793
272900	79.3793
273000	79.3767
273100	79.3767
273200	79.3767
273300	79.3767
273400	79.3742
273500	79.3691
273600	79.362
273700	79.362
273800	79.357
273900	79.3547
274000	79.3477
274100	79.3438
274200	79.3387
274300	79.3387
274400	79.3387
274500	79.3387
274600	79.3387
274700	79.3374
274800	79.3374
274900	79.337
275000	79.337
275100	79.337
275200	79.3354
275300	79.329
275400	79.3244
275500	79.321
275600	79.3204
275700	79.3204
275800	79.3204
275900	79.3199
276000	79.3162
276100	79.3136
276200	79.3136
276300	79.3136
276400	79.3136
276500	79.3105
276600	79.3105
276700	79.3072
276800	79.3072
276900	79.3072
277000	79.3001
277100	79.3001
277200	79.3001
277300	79.3001
277400	79.2943
277500	79.2943
277600	79.2943
277700	79.2943
277800	79.293
277900	79.2924
278000	79.2924
278100	79.2882
278200	79.2882
278300	79.2882
278400	79.2882
278500	79.2827
278600	79.2827
278700	79.2748
278800	79.2746
278900	79.2746
279000	79.2696
279100	79.2696
279200	79.2696
279300	79.2626
279400	79.2609
279500	79.2574
279600	79.2574
279700	79.2574
279800	79.2574
279900	79.2574
280000	79.2562
280100	79.2498
280200	79.2497
280300	79.2442
280400	79.2436
280500	79.2436
280600	79.2379
280700	79.2363
280800	79.2363
280900	79.2327
281000	79.2314
281100	79.2314
281200	79.2314
281300	79.2272
281400	79.2272
281500	79.2272
281600	79.2272
281700	79.2272
281800	79.2272
281900	79.2272
282000	79.2272
282100	79.2272
282200	79.2272
282300	79.2245
282400	79.2245
282500	79.2245
282600	79.2203
282700	79.2203
282800	79.2203
282900	79.2203
283000	79.2203
283100	79.2203
283200	79.2193
283300	79.2193
283400	79.2192
283500	79.2192
283600	79.2192
283700	79.2192
283800	79.2192
283900	79.2192
284000	79.2192
284100	79.2192
284200	79.2186
284300	79.2117
284400	79.2117
284500	79.2111
284600	79.2111
284700	79.2111
284800	79.2077
284900	79.2077
285000	79.2077
285100	79.2056
285200	79.2056
285300	79.2056
285400	79.2056
285500	79.2056
285600	79.2056
285700	79.2056
285800	79.2056
285900	79.2056
286000	79.2056
286100	79.2056
286200	79.2013
286300	79.1963
286400	79.1954
286500	79.1925
286600	79.1925
286700	79.1923
286800	79.1923
286900	79.1798
287000	79.1798
287100	79.1786
287200	79.175
287300	79.1722
287400	79.1722
287500	79.1722
287600	79.1722
287700	79.1722
287800	79.1722
287900	79.1713
288000	79.1713
288100	79.1713
288200	79.1713
288300	79.1604
288400	79.1568
288500	79.1528
288600	79.1528
288700	79.1481
288800	79.1481
288900	79.1481
289000	79.1481
289100	79.1476
289200	79.1476
289300	79.1476
289400	79.1413
289500	79.1413
289600	79.1413
289700	79.1413
289800	79.1413
289900	79.1413
290000	79.1413
290100	79.1413
290200	79.1404
290300	79.1404
290400	79.1404
290500	79.1404
290600	79.14
290700	79.1313
290800	79.122
290900	79.122
291000	79.1114
291100	79.1059
291200	79.1051
291300	79.1051
291400	79.1009
291500	79.1009
291600	79.1009
291700	79.1009
291800	79.0974
291900	79.0974
292000	79.0974
292100	79.0974
292200	79.0974
292300	79.0974
292400	79.0974
292500	79.0974
292600	79.0974
292700	79.0974
292800	79.0974
292900	79.0974
293000	79.0974
293100	79.0974
293200	79.0936
293300	79.0936
293400	79.0933
293500	79.0933
293600	79.0933
293700	79.0933
293800	79.0933
293900	79.0933
294000	79.0933
294100	79.0921
294200	79.0921
294300	79.0921
294400	79.0921
294500	79.0921
294600	79.0857
294700	79.0857
294800	79.0755
294900	79.0752
295000	79.0752
295100	79.0752
295200	79.0752
295300	79.0752
295400	79.075
295500	79.075
295600	79.075
295700	79.075
295800	79.0692
295900	79.0692
296000	79.0692
296100	79.0692
296200	79.0653
296300	79.0628
296400	79.0628
296500	79.0622
296600	79.0622
296700	79.0622
296800	79.0619
296900	79.0619
297000	79.0539
297100	79.0539
297200	79.0518
297300	79.0518
297400	79.0514
297500	79.0514
297600	79.0462
297700	79.0392
297800	79.0392
297900	79.0392
298000	79.0392
298100	79.0389
298200	79.0389
298300	79.0389
298400	79.0389
298500	79.0382
298600	79.0382
298700	79.0292
298800	79.0292
298900	79.0263
299000	79.0263
299100	79.0195
299200	79.0195
299300	79.0195
299400	79.0195
299500	79.0193
299600	79.0165
299700	79.0123
299800	79.0053
299900	79.0053
300000	79.0013
300100	79.0013
300200	79.0013
300300	78.996
300400	78.985
300500	78.9847
300600	78.9822
300700	78.9812
300800	78.9787
300900	78.9776
301000	78.9776
301100	78.9776
301200	78.97
301300	78.97
301400	78.97
301500	78.97
301600	78.97
301700	78.9696
301800	78.9609
301900	78.9609
302000	78.9609
302100	78.9561
302200	78.9561
302300	78.9527
302400	78.9527
302500	78.9474
302600	78.9443
302700	78.9443
302800	78.9443
302900	78.9443
303000	78.9443
303100	78.9443
303200	78.9443
303300	78.9443
303400	78.9443
303500	78.9443
303600	78.9409
303700	78.9409
303800	78.9409
303900	78.9409
304000	78.9366
304100	78.9366
304200	78.9366
304300	78.9366
304400	78.9352
304500	78.9352
304600	78.9352
304700	78.9326
304800	78.9282
304900	78.9261
305000	78.9261
305100	78.9261
305200	78.9261
305300	78.9261
305400	78.9261
305500	78.925
305600	78.925
305700	78.9226
305800	78.9194
305900	78.9185
306000	78.9185
306100	78.9185
306200	78.9185
306300	78.9185
306400	78.9185
306500	78.9185
306600	78.9185
306700	78.9185
306800	78.9185
306900	78.9185
307000	78.9185
307100	78.9127
307200	78.9127
307300	78.9127
307400	78.9127
307500	78.9067
307600	78.8978
307700	78.8978
307800	78.8975
307900	78.8887
308000	78.8887
308100	78.8887
308200	78.8887
308300	78.887
308400	78.887
308500	78.887
308600	78.8846
308700	78.8839
308800	78.8839
308900	78.8837
309000	78.8837
309100	78.8837
309200	78.8711
309300	78.8711
309400	78.8591
309500	78.8584
309600	78.8584
309700	78.8584
309800	78.8564
309900	78.8564
310000	78.8564
310100	78.8564
310200	78.8564
310300	78.8507
310400	78.8507
310500	78.8507
310600	78.8497
310700	78.8431
310800	78.8431
310900	78.8423
311000	78.8423
311100	78.8407
311200	78.8403
311300	78.8381
311400	78.8381
311500	78.8381
311600	78.8372
311700	78.8372
311800	78.8348
311900	78.8348
312000	78.8299
312100	78.8257
312200	78.8108
312300	78.8108
312400	78.8094
312500	78.804
312600	78.804
312700	78.804
312800	78.804
312900	78.8031
313000	78.8031
313100	78.7987
313200	78.7987
313300	78.7987
313400	78.7901
313500	78.7901
313600	78.7901
313700	78.7901
313800	78.7899
313900	78.7899
314000	78.7858
314100	78.7858
314200	78.7858
314300	78.7858
314400	78.7858
314500	78.7858
314600	78.7857
314700	78.7857
314800	78.7857
314900	78.7857
315000	78.7857
315100	78.7857
315200	78.7857
315300	78.7822
315400	78.776
315500	78.776
315600	78.776
315700	78.776
315800	78.7746
315900	78.7746
316000	78.7705
316100	78.7705
316200	78.7705
316300	78.7705
316400	78.7705
316500	78.7705
316600	78.7705
316700	78.7705
316800	78.7705
316900	78.7705
317000	78.7692
317100	78.7692
317200	78.7692
317300	78.7692
317400	78.7692
317500	78.7692
317600	78.7692
317700	78.7692
317800	78.7692
317900	78.7652
318000	78.7652
318100	78.7601
318200	78.7601
318300	78.7598
318400	78.7598
318500	78.759
318600	78.759
318700	78.7579
318800	78.7579
318900	78.757
319000	78.757
319100	78.7512
319200	78.7512
319300	78.7512
319400	78.7512
319500	78.7512
319600	78.7512
319700	78.7511
319800	78.7511
319900	78.7511
320000	78.7482
320100	78.7482
320200	78.7468
320300	78.7468
320400	78.7468
320500	78.7468
320600	78.7448
320700	78.7415
320800	78.7415
320900	78.7415
321000	78.7415
321100	78.7415
321200	78.7415
321300	78.7415
321400	78.7415
321500	78.7415
321600	78.7415
321700	78.7415
321800	78.7389
321900	78.737
322000	78.735
322100	78.7313
322200	78.7313
322300	78.7278
322400	78.7274
322500	78.7274
322600	78.7235
322700	78.7235
322800	78.7235
322900	78.7215
323000	78.7215
323100	78.7215
323200	78.7215
323300	78.7209
323400	78.7209
323500	78.7209
323600	78.7172
323700	78.7172
323800	78.7172
323900	78.7172
324000	78.7172
324100	78.7172
324200	78.7172
324300	78.7172
324400	78.7172
324500	78.7172
324600	78.7172
324700	78.7145
324800	78.7145
324900	78.7145
325000	78.7145
325100	78.7145
325200	78.7137
325300	78.7137
325400	78.7137
325500	78.7137
325600	78.7137
325700	78.7137
325800	78.7125
325900	78.7125
326000	78.7125
326100	78.7106
326200	78.7106
326300	78.7106
326400	78.709
326500	78.7081
326600	78.7081
326700	78.7081
326800	78.7081
326900	78.7081
327000	78.7081
327100	78.7033
327200	78.7033
327300	78.7033
327400	78.7033
327500	78.7024
327600	78.7024
327700	78.7003
327800	78.6931
327900	78.6915
328000	78.6915
328100	78.6915
328200	78.6915
328300	78.6868
328400	78.6868
328500	78.6868
328600	78.6868
328700	78.6868
328800	78.6868
328900	78.6868
329000	78.6868
329100	78.6849
329200	78.6849
329300	78.6849
329400	78.6849
329500	78.6805
329600	78.6805
329700	78.6805
329800	78.6805
329900	78.6805
330000	78.6805
330100	78.6739
330200	78.6739
330300	78.6739
330400	78.6739
330500	78.6736
330600	78.6736
330700	78.6736
330800	78.6646
330900	78.6646
331000	78.6646
331100	78.6556
331200	78.6556
331300	78.6556
331400	78.6556
331500	78.6556
331600	78.6556
331700	78.6556
331800	78.6534
331900	78.6534
332000	78.6534
332100	78.6534
332200	78.6334
332300	78.6334
332400	78.6334
332500	78.6328
332600	78.6328
332700	78.6326
332800	78.6326
332900	78.6326
333000	78.6326
333100	78.6326
333200	78.6326
333300	78.6326
333400	78.6326
333500	78.6179
333600	78.6179
333700	78.6179
333800	78.6015
333900	78.6015
334000	78.6015
334100	78.6015
334200	78.6015
334300	78.6015
334400	78.5957
334500	78.5957
334600	78.5957
334700	78.5957
334800	78.5957
334900	78.5921
335000	78.5921
335100	78.5921
335200	78.5921
335300	78.5921
335400	78.5921
335500	78.5921
335600	78.5921
335700	78.5913
335800	78.5913
335900	78.5913
336000	78.5901
336100	78.5901
336200	78.5901
336300	78.5901
336400	78.5849
336500	78.5814
336600	78.5814
336700	78.5814
336800	78.5814
336900	78.5814
337000	78.5737
337100	78.5733
337200	78.5711
337300	78.5711
337400	78.5711
337500	78.5711
337600	78.57
337700	78.57
337800	78.566
337900	78.566
338000	78.566
338100	78.566
338200	78.566
338300	78.5628
338400	78.5566
338500	78.5566
338600	78.5566
338700	78.5566
338800	78.5566
338900	78.5566
339000	78.5566
339100	78.5528
339200	78.5528
339300	78.5528
339400	78.5528
339500	78.5443
339600	78.5443
339700	78.5419
339800	78.5419
339900	78.5419
340000	78.5419
340100	78.5419
340200	78.5385
340300	78.5385
340400	78.5385
340500	78.5385
340600	78.5378
340700	78.5378
340800	78.5378
340900	78.5378
341000	78.5332
341100	78.5332
341200	78.5332
341300	78.5268
341400	78.5219
341500	78.5219
341600	78.5217
341700	78.5217
341800	78.5217
341900	78.5217
342000	78.5217
342100	78.5217
342200	78.5217
342300	78.5217
342400	78.5217
342500	78.5217
342600	78.5217
342700	78.5217
342800	78.5217
342900	78.5217
343000	78.5217
343100	78.5217
343200	78.5205
343300	78.5205
343400	78.5205
343500	78.5205
343600	78.5204
343700	78.5204
343800	78.5204
343900	78.5098
344000	78.5098
344100	78.5098
344200	78.5098
344300	78.5098
344400	78.5098
344500	78.5048
344600	78.5048
344700	78.5048
344800	78.5048
344900	78.5048
345000	78.5048
345100	78.4999
345200	78.495
345300	78.4848
345400	78.4848
345500	78.4848
345600	78.4848
345700	78.4848
345800	78.4848
345900	78.4848
346000	78.4848
346100	78.4848
346200	78.4848
346300	78.4825
346400	78.4824
346500	78.4824
346600	78.4824
346700	78.4824
346800	78.4824
346900	78.4791
347000	78.4791
347100	78.4791
347200	78.4791
347300	78.4791
347400	78.4755
347500	78.4751
347600	78.4751
347700	78.4751
347800	78.4751
347900	78.4751
348000	78.4751
348100	78.4751
348200	78.4751
348300	78.4751
348400	78.4751
348500	78.4751
348600	78.4751
348700	78.4663
348800	78.4652
348900	78.4591
349000	78.4589
349100	78.4589
349200	78.4589
349300	78.4589
349400	78.4589
349500	78.4557
349600	78.4557
349700	78.4483
349800	78.4483
349900	78.4483
350000	78.4483
350100	78.4483
350200	78.4483
350300	78.4483
350400	78.4483
350500	78.4293
350600	78.4233
350700	78.4233
350800	78.4233
350900	78.4233
351000	78.4233
351100	78.4233
351200	78.4233
351300	78.4233
351400	78.4233
351500	78.4233
351600	78.4233
351700	78.4134
351800	78.4134
351900	78.4134
352000	78.4134
352100	78.4134
352200	78.4134
352300	78.413
352400	78.413
352500	78.4128
352600	78.4128
352700	78.4128
352800	78.4128
352900	78.4128
353000	78.4128
353100	78.4128
353200	78.4128
353300	78.4128
353400	78.4128
353500	78.4127
353600	78.4127
353700	78.4127
353800	78.4127
353900	78.4127
354000	78.4127
354100	78.4127
354200	78.4127
354300	78.4095
354400	78.4095
354500	78.4095
354600	78.4095
354700	78.4095
354800	78.4076
354900	78.4076
355000	78.4076
355100	78.4076
355200	78.4021
355300	78.4017
355400	78.4017
355500	78.4005
355600	78.4005
355700	78.4005
355800	78.4005
355900	78.4005
356000	78.3967
356100	78.3967
356200	78.3967
356300	78.3967
356400	78.3967
356500	78.3967
356600	78.3909
356700	78.3909
356800	78.3909
356900	78.3909
357000	78.3909
357100	78.3909
357200	78.3909
357300	78.3909
357400	78.3909
357500	78.3909
357600	78.3909
357700	78.3909
357800	78.3909
357900	78.3909
358000	78.3909
358100	78.3904
358200	78.3904
358300	78.3904
358400	78.3904
358500	78.3904
358600	78.3904
358700	78.3904
358800	78.3904
358900	78.3904
359000	78.3874
359100	78.3874
359200	78.3874
359300	78.3851
359400	78.3851
359500	78.3851
359600	78.3851
359700	78.3796
359800	78.3796
359900	78.3796
360000	78.3747
360100	78.3727
360200	78.3727
360300	78.3714
360400	78.3714
360500	78.3711
360600	78.3711
360700	78.3711
360800	78.3711
360900	78.3711
361000	78.3711
361100	78.3711
361200	78.3711
361300	78.3711
361400	78.3711
361500	78.3705
361600	78.3705
361700	78.3705
361800	78.3705
361900	78.3705
362000	78.3705
362100	78.3705
362200	78.3655
362300	78.3655
362400	78.3655
362500	78.3655
362600	78.3655
362700	78.3655
362800	78.3655
362900	78.3655
363000	78.3655
363100	78.3655
363200	78.3599
363300	78.3599
363400	78.3599
363500	78.3599
363600	78.3599
363700	78.3599
363800	78.3599
363900	78.3599
364000	78.3599
364100	78.3599
364200	78.3599
364300	78.3599
364400	78.3599
364500	78.3599
364600	78.3599
364700	78.3599
364800	78.3599
364900	78.3599
365000	78.3599
365100	78.3599
365200	78.3599
365300	78.3599
365400	78.3529
365500	78.3529
365600	78.3529
365700	78.3529
365800	78.3495
365900	78.3495
366000	78.3495
366100	78.3495
366200	78.3495
366300	78.3421
366400	78.3421
366500	78.3421
366600	78.3421
366700	78.3421
366800	78.3421
366900	78.3421
367000	78.3421
367100	78.3421
367200	78.3421
367300	78.3421
367400	78.3421
367500	78.3421
367600	78.3421
367700	78.3421
367800	78.3421
367900	78.3421
368000	78.3421
368100	78.3421
368200	78.3408
368300	78.3408
368400	78.3408
368500	78.3408
368600	78.3408
368700	78.3406
368800	78.3406
368900	78.3406
369000	78.3383
369100	78.3383
369200	78.3383
369300	78.3383
369400	78.3383
369500	78.3383
369600	78.3383
369700	78.3383
369800	78.3375
369900	78.3375
370000	78.3375
370100	78.3375
370200	78.3375
370300	78.3341
370400	78.3341
370500	78.3341
370600	78.3341
370700	78.3341
370800	78.3341
370900	78.3308
371000	78.3308
371100	78.3308
371200	78.3308
371300	78.3308
371400	78.3308
371500	78.3308
371600	78.3308
371700	78.3308
371800	78.3308
371900	78.3308
372000	78.3308
372100	78.3308
372200	78.3308
372300	78.3308
372400	78.3308
372500	78.3304
372600	78.3304
372700	78.3304
372800	78.3304
372900	78.3304
373000	78.3304
373100	78.3304
373200	78.3304
373300	78.3304
373400	78.3304
373500	78.3304
373600	78.3304
373700	78.3304
373800	78.3304
373900	78.3304
374000	78.3304
374100	78.3304
374200	78.3304
374300	78.3304
374400	78.3304
374500	78.3288
374600	78.321
374700	78.321
374800	78.321
374900	78.321
375000	78.321
375100	78.321
375200	78.321
375300	78.321
375400	78.321
375500	78.321
375600	78.321
375700	78.3207
375800	78.3207
375900	78.3207
376000	78.3207
376100	78.3207
376200	78.3207
376300	78.3207
376400	78.3207
376500	78.3204
376600	78.3204
376700	78.3204
376800	78.3176
376900	78.3176
377000	78.3176
377100	78.3176
377200	78.3176
377300	78.3136
377400	78.3136
377500	78.3136
377600	78.3136
377700	78.3136
377800	78.3136
377900	78.3136
378000	78.3131
378100	78.3131
378200	78.3131
378300	78.3131
378400	78.3131
378500	78.3131
378600	78.3131
378700	78.3131
378800	78.3131
378900	78.3131
379000	78.3131
379100	78.3063
379200	78.3063
379300	78.3063
379400	78.3063
379500	78.3063
379600	78.3063
379700	78.3063
379800	78.3063
379900	78.3063
380000	78.3063
380100	78.3063
380200	78.3063
380300	78.3063
380400	78.3063
380500	78.3063
380600	78.3063
380700	78.3063
380800	78.3063
380900	78.3059
381000	78.3059
381100	78.3059
381200	78.3059
381300	78.3059
381400	78.3059
381500	78.3059
381600	78.3059
381700	78.3059
381800	78.3059
381900	78.3059
382000	78.3059
382100	78.3059
382200	78.3059
382300	78.3059
382400	78.3059
382500	78.3059
382600	78.3059
382700	78.3059
382800	78.3059
382900	78.3059
383000	78.3059
383100	78.3059
383200	78.3059
383300	78.3059
383400	78.3059
383500	78.293
383600	78.293
383700	78.293
383800	78.293
383900	78.293
384000	78.293
384100	78.293
384200	78.293
384300	78.293
384400	78.293
384500	78.293
384600	78.293
384700	78.293
384800	78.293
384900	78.293
385000	78.293
385100	78.293
385200	78.293
385300	78.293
385400	78.293
385500	78.293
385600	78.293
385700	78.293
385800	78.293
385900	78.293
386000	78.293
386100	78.293
386200	78.293
386300	78.293
386400	78.293
386500	78.293
386600	78.293
386700	78.293
386800	78.293
386900	78.293
387000	78.293
387100	78.293
387200	78.293
387300	78.293
387400	78.293
387500	78.293
387600	78.293
387700	78.293
387800	78.293
387900	78.293
388000	78.293
388100	78.293
388200	78.293
388300	78.293
388400	78.2923
388500	78.2923
388600	78.2923
388700	78.2923
388800	78.2923
388900	78.2923
389000	78.2923
389100	78.2923
389200	78.2923
389300	78.2923
389400	78.2923
389500	78.2923
389600	78.2923
389700	78.2923
389800	78.2923
389900	78.2892
390000	78.2892
390100	78.2892
390200	78.2892
390300	78.2892
390400	78.2892
390500	78.2892
390600	78.2892
390700	78.2892
390800	78.2892
390900	78.2892
391000	78.2892
391100	78.2856
391200	78.2856
391300	78.2856
391400	78.2856
391500	78.2856
391600	78.2856
391700	78.2856
391800	78.2856
391900	78.2856
392000	78.2856
392100	78.2856
392200	78.2856
392300	78.2846
392400	78.2846
392500	78.2846
392600	78.2846
392700	78.2846
392800	78.2846
392900	78.2846
393000	78.2846
393100	78.2846
393200	78.2846
393300	78.2846
393400	78.2846
393500	78.2846
393600	78.2846
393700	78.2846
393800	78.2846
393900	78.2846
394000	78.2846
394100	78.2846
394200	78.2846
394300	78.2846
394400	78.2846
394500	78.2846
394600	78.2846
394700	78.2846
394800	78.2846
394900	78.2846
395000	78.2846
395100	78.2846
395200	78.2807
395300	78.2787
395400	78.2787
395500	78.2787
395600	78.2787
395700	78.2787
395800	78.2764
395900	78.2764
396000	78.2764
396100	78.2764
396200	78.2764
396300	78.2764
396400	78.2764
396500	78.2764
396600	78.2762
396700	78.2762
396800	78.2762
396900	78.2762
397000	78.2762
397100	78.2762
397200	78.2762
397300	78.2762
397400	78.2762
397500	78.2762
397600	78.2762
397700	78.2676
397800	78.2676
397900	78.2676
398000	78.2676
398100	78.2676
398200	78.2676
398300	78.2676
398400	78.2676
398500	78.2676
398600	78.2676
398700	78.2676
398800	78.2676
398900	78.2676
399000	78.2676
399100	78.2676
399200	78.2676
399300	78.2676
399400	78.2676
399500	78.2676
399600	78.2676
399700	78.2676
399800	78.2676
399900	78.2676
400000	78.2676
400100	78.2676
400200	78.2676
400300	78.2676
400400	78.2676
400500	78.2676
400600	78.2676
400700	78.2676
400800	78.2676
400900	78.2676
401000	78.2676
401100	78.2602
401200	78.2602
401300	78.2602
401400	78.2602
401500	78.2602
401600	78.2602
401700	78.2602
401800	78.2602
401900	78.2602
402000	78.2602
402100	78.2602
402200	78.2602
402300	78.2602
402400	78.2602
402500	78.2602
402600	78.2602
402700	78.2602
402800	78.2602
402900	78.2602
403000	78.2602
403100	78.2602
403200	78.2602
403300	78.2602
403400	78.2602
403500	78.2602
403600	78.2602
403700	78.2602
403800	78.2602
403900	78.2602
404000	78.2602
404100	78.2602
404200	78.2602
404300	78.2602
404400	78.2602
404500	78.2602
404600	78.2602
404700	78.2602
404800	78.2602
404900	78.2602
405000	78.2602
405100	78.2602
405200	78.2602
405300	78.2602
405400	78.2602
405500	78.2546
405600	78.2546
405700	78.2546
405800	78.2546
405900	78.2521
406000	78.2521
406100	78.2521
406200	78.2521
406300	78.2521
406400	78.2521
406500	78.2521
406600	78.2521
406700	78.2521
406800	78.2521
406900	78.2521
407000	78.2521
407100	78.2521
407200	78.2521
407300	78.2521
407400	78.2521
407500	78.2521
407600	78.2521
407700	78.2521
407800	78.2521
407900	78.2521
408000	78.2521
408100	78.2521
408200	78.2521
408300	78.2441
408400	78.2441
408500	78.2441
408600	78.2441
408700	78.2441
408800	78.241
408900	78.241
409000	78.241
409100	78.241
409200	78.241
409300	78.241
409400	78.241
409500	78.241
409600	78.241
409700	78.241
409800	78.241
409900	78.241
410000	78.241
410100	78.241
410200	78.241
410300	78.241
410400	78.241
410500	78.241
410600	78.241
410700	78.241
410800	78.241
410900	78.241
411000	78.241
411100	78.241
411200	78.241
411300	78.241
411400	78.241
411500	78.241
411600	78.241
411700	78.241
411800	78.241
411900	78.241
412000	78.241
412100	78.241
412200	78.241
412300	78.241
412400	78.241
412500	78.241
412600	78.241
412700	78.241
412800	78.241
412900	78.241
413000	78.241
413100	78.241
413200	78.241
413300	78.241
413400	78.241
413500	78.241
413600	78.241
413700	78.241
413800	78.241
413900	78.241
414000	78.241
414100	78.241
414200	78.241
414300	78.241
414400	78.241
414500	78.241
414600	78.241
414700	78.241
414800	78.241
414900	78.241
415000	78.241
415100	78.241
415200	78.241
415300	78.2338
415400	78.2338
415500	78.2338
415600	78.2338
415700	78.2329
415800	78.2327
415900	78.2327
416000	78.2327
416100	78.2327
416200	78.2327
416300	78.2327
416400	78.2327
416500	78.2327
416600	78.2327
416700	78.2327
416800	78.2327
416900	78.2327
417000	78.2327
417100	78.2327
417200	78.2327
417300	78.2327
417400	78.2327
417500	78.2327
417600	78.2327
417700	78.2327
417800	78.2327
417900	78.2327
418000	78.2327
418100	78.2327
418200	78.2327
418300	78.2327
418400	78.2327
418500	78.2327
418600	78.2327
418700	78.2327
418800	78.2327
418900	78.2327
419000	78.2327
419100	78.2327
419200	78.2327
419300	78.2327
419400	78.2327
419500	78.2327
419600	78.2327
419700	78.2327
419800	78.2327
419900	78.2327
420000	78.2327
420100	78.2327
420200	78.2327
420300	78.2327
420400	78.2327
420500	78.2327
420600	78.2327
420700	78.2327
420800	78.2327
420900	78.2327
421000	78.2327
421100	78.2327
421200	78.2327
421300	78.2327
421400	78.2327
421500	78.2327
421600	78.2327
421700	78.2327
421800	78.2327
421900	78.2327
422000	78.2327
422100	78.2327
422200	78.2327
422300	78.2312
422400	78.2312
422500	78.2312
422600	78.2312
422700	78.2312
422800	78.2312
422900	78.2312
423000	78.2312
423100	78.2312
423200	78.2312
423300	78.2312
423400	78.2312
423500	78.2312
423600	78.2312
423700	78.2312
423800	78.2312
423900	78.2312
424000	78.2312
424100	78.2312
424200	78.2312
424300	78.2312
424400	78.2312
424500	78.2312
424600	78.2312
424700	78.2312
424800	78.2312
424900	78.2312
425000	78.2312
425100	78.2312
425200	78.2312
425300	78.2312
425400	78.2312
425500	78.2312
425600	78.2312
425700	78.2312
425800	78.2312
425900	78.2312
426000	78.2312
426100	78.2312
426200	78.2312
426300	78.2312
426400	78.2312
426500	78.2312
426600	78.2312
426700	78.2312
426800	78.2312
426900	78.2312
427000	78.2312
427100	78.2312
427200	78.2312
427300	78.2312
427400	78.2312
427500	78.2312
427600	78.2312
427700	78.2312
427800	78.2312
427900	78.2312
428000	78.2312
428100	78.2312
428200	78.2312
428300	78.2312
428400	78.2312
428500	78.2312
428600	78.2312
428700	78.2312
428800	78.2312
428900	78.2312
429000	78.2312
429100	78.2312
429200	78.2312
429300	78.2312
429400	78.2312
429500	78.2312
429600	78.2312
429700	78.2312
429800	78.2312
429900	78.2312
430000	78.2312
430100	78.2312
430200	78.2312
430300	78.2312
430400	78.2312
430500	78.2312
430600	78.2312
430700	78.2312
430800	78.2312
430900	78.2312
431000	78.2312
431100	78.2312
431200	78.2312
431300	78.2312
431400	78.2312
431500	78.2312
431600	78.2312
431700	78.2312
431800	78.2312
431900	78.2312
432000	78.2303
432100	78.2303
432200	78.2303
432300	78.2303
432400	78.2303
432500	78.2303
432600	78.2303
432700	78.2303
432800	78.2303
432900	78.2303
433000	78.2303
433100	78.2303
433200	78.2303
433300	78.2303
433400	78.2303
433500	78.2303
433600	78.2303
433700	78.2303
433800	78.2303
433900	78.2303
434000	78.2303
434100	78.2303
434200	78.2303
434300	78.2303
434400	78.2303
434500	78.2303
434600	78.2303
434700	78.2303
434800	78.2303
434900	78.2303
435000	78.2303
435100	78.2303
435200	78.2303
435300	78.2303
435400	78.2303
435500	78.2303
435600	78.2303
435700	78.2303
435800	78.2303
435900	78.2303
436000	78.2303
436100	78.2258
436200	78.2258
436300	78.2258
436400	78.2258
436500	78.2258
436600	78.2258
436700	78.2258
436800	78.2258
436900	78.2258
437000	78.2258
437100	78.2258
437200	78.2258
437300	78.2258
437400	78.2258
437500	78.2258
437600	78.2258
437700	78.2258
437800	78.2258
437900	78.2258
438000	78.2258
438100	78.2258
438200	78.2258
438300	78.2258
438400	78.2258
438500	78.2258
438600	78.2258
438700	78.2258
438800	78.2258
438900	78.2258
439000	78.2258
439100	78.2258
439200	78.2258
439300	78.2258
439400	78.2258
439500	78.2258
439600	78.2258
439700	78.2258
439800	78.2258
439900	78.2258
440000	78.2258
440100	78.2258
440200	78.2258
440300	78.2258
440400	78.2258
440500	78.2258
440600	78.2258
440700	78.2258
440800	78.2258
440900	78.2258
441000	78.2258
441100	78.2258
441200	78.2258
441300	78.2258
441400	78.2258
441500	78.2258
441600	78.2258
441700	78.2258
441800	78.2258
441900	78.2258
442000	78.2258
442100	78.2258
442200	78.2258
442300	78.2258
442400	78.2258
442500	78.2258
442600	78.2258
442700	78.2258
442800	78.2258
442900	78.2258
443000	78.2258
443100	78.2258
443200	78.2258
443300	78.2258
443400	78.2258
443500	78.2258
443600	78.2258
443700	78.2258
443800	78.2258
443900	78.2258
444000	78.2258
444100	78.2258
444200	78.2258
444300	78.2258
444400	78.2258
444500	78.2258
444600	78.2258
444700	78.2258
444800	78.2258
444900	78.2258
445000	78.2258
445100	78.2258
445200	78.2258
445300	78.2258
445400	78.2258
445500	78.2258
445600	78.2258
445700	78.2258
445800	78.2258
445900	78.2258
446000	78.2258
446100	78.2258
446200	78.2258
446300	78.2258
446400	78.2258
446500	78.2258
446600	78.2258
446700	78.2258
446800	78.2258
446900	78.2258
447000	78.2258
447100	78.2258
447200	78.2258
447300	78.2258
447400	78.2258
447500	78.2258
447600	78.2258
447700	78.2201
447800	78.2201
447900	78.2201
448000	78.2201
448100	78.2201
448200	78.2201
448300	78.2201
448400	78.2201
448500	78.2201
448600	78.2201
448700	78.2201
448800	78.2195
448900	78.2195
449000	78.2195
449100	78.2195
449200	78.2195
449300	78.2195
449400	78.2195
449500	78.2195
449600	78.2195
449700	78.2195
449800	78.2195
449900	78.2195
450000	78.2195
450100	78.2195
450200	78.2195
450300	78.2195
450400	78.2195
450500	78.2195
450600	78.2195
450700	78.2195
450800	78.2195
450900	78.2195
451000	78.2195
451100	78.2195
451200	78.2195
451300	78.2195
451400	78.2195
451500	78.2195
451600	78.2195
451700	78.2195
451800	78.2195
451900	78.2195
452000	78.2195
452100	78.2195
452200	78.2195
452300	78.2195
452400	78.2195
452500	78.2195
452600	78.2195
452700	78.2195
452800	78.2195
452900	78.2195
453000	78.2195
453100	78.2195
453200	78.2195
453300	78.2195
453400	78.2195
453500	78.2195
453600	78.2195
453700	78.2195
453800	78.2195
453900	78.2195
454000	78.2195
454100	78.2195
454200	78.2195
454300	78.2195
454400	78.2195
454500	78.2195
454600	78.2195
454700	78.2195
454800	78.2195
454900	78.2195
455000	78.2195
455100	78.2195
455200	78.2195
455300	78.2195
455400	78.2195
455500	78.2195
455600	78.2195
455700	78.2195
455800	78.2195
455900	78.2195
456000	78.2195
456100	78.2195
456200	78.2195
456300	78.2195
456400	78.2195
456500	78.2195
456600	78.2195
456700	78.2195
456800	78.2195
456900	78.2195
457000	78.2195
457100	78.2195
457200	78.2195
457300	78.2195
457400	78.2195
457500	78.2195
457600	78.2195
457700	78.2195
457800	78.2195
457900	78.2195
458000	78.2194
458100	78.2194
458200	78.2194
458300	78.2194
458400	78.2194
458500	78.2194
458600	78.2194
458700	78.2194
458800	78.2194
458900	78.2194
459000	78.2194
459100	78.2194
459200	78.2194
459300	78.2194
459400	78.2194
459500	78.2194
459600	78.2194
459700	78.2194
459800	78.2194
459900	78.2194
460000	78.2194
460100	78.2194
460200	78.2194
460300	78.2194
460400	78.2194
460500	78.2194
460600	78.2194
460700	78.2194
460800	78.2194
460900	78.2194
461000	78.2194
461100	78.2194
461200	78.2194
461300	78.2194
461400	78.2194
461500	78.2194
461600	78.2194
461700	78.2194
461800	78.2194
461900	78.2194
462000	78.2194
462100	78.2194
462200	78.2194
462300	78.2194
462400	78.2194
462500	78.2194
462600	78.2194
462700	78.2194
462800	78.2194
462900	78.2194
463000	78.2194
463100	78.2194
463200	78.2194
463300	78.2194
463400	78.2194
463500	78.2194
463600	78.2194
463700	78.2194
463800	78.2194
463900	78.2194
464000	78.2194
464100	78.2194
464200	78.2194
464300	78.2194
464400	78.2194
464500	78.2194
464600	78.2194
464700	78.2194
464800	78.2194
464900	78.2194
465000	78.2194
465100	78.2194
465200	78.2194
465300	78.2194
465400	78.2194
465500	78.2194
465600	78.2194
465700	78.2194
465800	78.2194
465900	78.2194
466000	78.2194
466100	78.2194
466200	78.2194
466300	78.2194
466400	78.2194
466500	78.2194
466600	78.2194
466700	78.2194
466800	78.2194
466900	78.2194
467000	78.2194
467100	78.2194
467200	78.2194
467300	78.2194
467400	78.2194
467500	78.2194
467600	78.2194
467700	78.2194
467800	78.2194
467900	78.2194
468000	78.2194
468100	78.2194
468200	78.2194
468300	78.2194
468400	78.2194
468500	78.2194
468600	78.2194
468700	78.2194
468800	78.2194
468900	78.2194
469000	78.2194
469100	78.2194
469200	78.2194
469300	78.2194
469400	78.2194
469500	78.2194
469600	78.2194
469700	78.2194
469800	78.2194
469900	78.2194
470000	78.2194
470100	78.2194
470200	78.2194
470300	78.2194
470400	78.2194
470500	78.2194
470600	78.2194
470700	78.2194
470800	78.2194
470900	78.2194
471000	78.2194
471100	78.2194
471200	78.2194
471300	78.2194
471400	78.2194
471500	78.2194
471600	78.2194
471700	78.2194
471800	78.2194
471900	78.2194
472000	78.2194
472100	78.2194
472200	78.2194
472300	78.2194
472400	78.2194
472500	78.2194
472600	78.2194
472700	78.2194
472800	78.2194
472900	78.2194
473000	78.2194
473100	78.2194
473200	78.2194
473300	78.2194
473400	78.2194
473500	78.2194
473600	78.2194
473700	78.2194
473800	78.2194
473900	78.2194
474000	78.2194
474100	78.2194
474200	78.2194
474300	78.2194
474400	78.2194
474500	78.2194
474600	78.2194
474700	78.2194
474800	78.2194
474900	78.2194
475000	78.2194
475100	78.2194
475200	78.2194
475300	78.2194
475400	78.2194
475500	78.2194
475600	78.2194
475700	78.2194
475800	78.2194
475900	78.2194
476000	78.2194
476100	78.2194
476200	78.2194
476300	78.2194
476400	78.2194
476500	78.2194
476600	78.2194
476700	78.2194
476800	78.2194
476900	78.2194
477000	78.2194
477100	78.2194
477200	78.2194
477300	78.2194
477400	78.2194
477500	78.2194
477600	78.2194
477700	78.2194
477800	78.2194
477900	78.2194
478000	78.2194
478100	78.2194
478200	78.2194
478300	78.2194
478400	78.2194
478500	78.2194
478600	78.2194
478700	78.2194
478800	78.2194
478900	78.2194
479000	78.2194
479100	78.2194
479200	78.2194
479300	78.2194
479400	78.2194
479500	78.2194
479600	78.2194
479700	78.2194
479800	78.2194
479900	78.2194
480000	78.2194
480100	78.2194
480200	78.2194
480300	78.2194
480400	78.2194
480500	78.2194
480600	78.2194
480700	78.2194
480800	78.2194
480900	78.2194
481000	78.2194
481100	78.2194
481200	78.2194
481300	78.2194
481400	78.2194
481500	78.2194
481600	78.2194
481700	78.2194
481800	78.2194
481900	78.2194
482000	78.2194
482100	78.2194
482200	78.2194
482300	78.2194
482400	78.2194
482500	78.2194
482600	78.2194
482700	78.2194
482800	78.2194
482900	78.2194
483000	78.2194
483100	78.2194
483200	78.2194
483300	78.2194
483400	78.2194
483500	78.2194
483600	78.2194
483700	78.2194
483800	78.2194
483900	78.2194
484000	78.2194
484100	78.2194
484200	78.2194
484300	78.2194
484400	78.2194
484500	78.2194
484600	78.2194
484700	78.2194
484800	78.2194
484900	78.2194
485000	78.2194
485100	78.2194
485200	78.2194
485300	78.2194
485400	78.2194
485500	78.2194
485600	78.2194
485700	78.2194
485800	78.2194
485900	78.2194
486000	78.2194
486100	78.2194
486200	78.2194
486300	78.2194
486400	78.2194
486500	78.2194
486600	78.2194
486700	78.2194
486800	78.2194
486900	78.2194
487000	78.2194
487100	78.2194
487200	78.2194
487300	78.2194
487400	78.2194
487500	78.2194
487600	78.2194
487700	78.2194
487800	78.2194
487900	78.2194
488000	78.2194
488100	78.2194
488200	78.2194
488300	78.2194
488400	78.2194
488500	78.2194
488600	78.2194
488700	78.2194
488800	78.2194
488900	78.2194
489000	78.2194
489100	78.2194
489200	78.2194
489300	78.2194
489400	78.2194
489500	78.2194
489600	78.2194
489700	78.2194
489800	78.2194
489900	78.2194
490000	78.2194
490100	78.2194
490200	78.2194
490300	78.2194
490400	78.2194
490500	78.2194
490600	78.2194
490700	78.2194
490800	78.2194
490900	78.2194
491000	78.2194
491100	78.2194
491200	78.2194
491300	78.2194
491400	78.2194
491500	78.2194
491600	78.2194
491700	78.2194
491800	78.2194
491900	78.2194
492000	78.2194
492100	78.2194
492200	78.2194
492300	78.2194
492400	78.2194
492500	78.2194
492600	78.2194
492700	78.2194
492800	78.2194
492900	78.2194
493000	78.2194
493100	78.2194
493200	78.2194
493300	78.2194
493400	78.2194
493500	78.2194
493600	78.2194
493700	78.2194
493800	78.2194
493900	78.2194
494000	78.2194
494100	78.2194
494200	78.2194
494300	78.2194
494400	78.2194
494500	78.2194
494600	78.2194
494700	78.2194
494800	78.2194
494900	78.2194
495000	78.2194
495100	78.2194
495200	78.2194
495300	78.2194
495400	78.2194
495500	78.2194
495600	78.2194
495700	78.2194
495800	78.2194
495900	78.2194
496000	78.2194
496100	78.2194
496200	78.2194
496300	78.2194
496400	78.2194
496500	78.2194
496600	78.2194
496700	78.2194
496800	78.2194
496900	78.2194
497000	78.2194
497100	78.2194
497200	78.2194
497300	78.2194
497400	78.2194
497500	78.2194
497600	78.2194
497700	78.2194
497800	78.2194
497900	78.2194
498000	78.2194
498100	78.2194
498200	78.2194
498300	78.2194
498400	78.2194
498500	78.2194
498600	78.2194
498700	78.2194
498800	78.2194
498900	78.2194
499000	78.2194
499100	78.2194
499200	78.2194
499300	78.2194
499400	78.2194
499500	78.2194
499600	78.2194
499700	78.2194
499800	78.2194
499900	78.2194
