10539	14448
10541	14550
10348	14546
10362	14659
11421	15391
11381	15432
11382	15548
11336	15595
11431	15599
11482	15588
11506	15629
11505	15676
11468	15709
11425	15738
11373	15735
11398	15687
11557	15673
11599	15697
11633	15605
11682	15618
11688	15567
11647	15554
11608	15530
11592	15576
11561	15536
11645	15503
11692	15505
11727	15535
11736	15584
11848	15507
11809	15528
11774	15555
11946	15660
11984	15637
11991	15593
11940	15604
11992	15266
11997	15214
11986	15109
11978	15062
11977	14900
11939	14880
11898	14855
11888	14903
11841	14926
11806	14901
11728	14844
11762	14805
11700	14604
11667	14640
11660	14690
11674	14739
11645	14790
11612	14836
11596	14893
11552	14906
11260	14808
11203	14827
11151	14689
11094	14650
11085	14737
11139	14768
11207	14755
11134	14843
11331	14832
11308	14769
11357	14750
11354	14696
11360	14629
11411	14659
11724	14361
11728	13753
11734	13825
11801	13812
11853	13844
11877	13790
11831	13758
11913	13744
11906	13886
11847	13910
11779	13882
11769	13947
11762	14014
11727	14072
11558	14202
11481	14185
11494	14262
11675	14303
11646	14228
11556	14123
11555	14059
11506	14001
11523	13926
11573	13872
11597	13801
11646	13838
11623	13738
11676	13775
11666	14029
11627	14088
11631	14166
11702	14125
11729	14181
11731	14241
11754	14300
11803	14237
11838	14293
11873	14237
11931	14248
11980	14228
11965	14179
11908	14182
11997	14132
11986	14077
11932	14069
11934	14128
11874	14069
11807	14074
11834	14023
11831	13968
11901	13960
11945	13933
11987	13973
11967	14018
11910	14021
11866	14128
11836	14179
11790	14136
11689	14496
11681	14550
11744	14558
11760	14619
11729	14662
11722	14712
11725	14756
11698	14797
11676	14846
11644	14871
11653	14917
11700	14901
11697	14953
11713	14996
11714	15036
11691	15072
11780	15111
11826	15096
11834	15049
11819	15008
11848	14973
11891	14960
11935	14938
11975	14958
11982	15007
11931	14992
11929	15038
11880	15018
11643	15084
11567	15030
11605	15050
11581	15088
11523	15019
11521	14960
11565	14975
11594	14941
11609	14999
11635	14963
11667	14999
11651	15034
11878	15075
11936	15092
11905	15121
11862	15133
11891	15173
11849	15185
11830	15227
11840	15272
11993	15160
11942	15149
11820	15149
11770	15153
11792	15196
11746	15200
11709	15171
11859	15324
11957	15361
11932	15391
11895	15420
11943	15438
11991	15447
11986	15399
11978	15313
11684	15387
11610	15179
11585	15225
11563	15272
11442	15169
11475	15216
11429	15227
11378	15241
11381	15189
11352	15132
11311	15175
11333	15236
11413	15283
11355	15300
11302	15307
11245	15289
11234	15342
11056	15323
11117	15309
11178	15306
11173	15365
11227	15405
11222	15463
11259	15503
11277	15440
11211	15529
11129	15584
11150	15546
11153	15494
11163	15431
11106	15433
11105	15371
10948	15236
10996	15805
11026	15841
11072	15827
11071	15871
11101	15914
11135	15947
11121	15986
11078	15965
11176	15961
11225	15959
11204	15917
11222	15880
11223	15836
11212	15795
11125	15861
11164	15827
11178	15866
11157	15910
11266	15852
11266	15801
11311	15805
11312	15850
11342	15887
11328	15976
11376	15977
11364	15937
11319	15933
11293	15899
11251	15911
11278	15954
11317	15529
11324	15479
11376	15489
11424	15498
11446	15544
11502	15539
11584	15485
11588	15420
11585	15368
11587	15321
11537	15315
11496	15324
11447	15333
11395	15344
11351	15374
11326	15419
11292	15372
6583	8814
6669	8795
6702	8822
6666	8843
6631	8819
6612	8855
6571	8859
6569	8909
6520	8921
6523	8877
6491	8847
6415	8735
6384	8695
6435	8686
6409	8641
6392	8548
6353	8526
6312	8546
6269	8470
6313	8494
6277	8515
6237	8511
6212	8482
6255	8556
6277	8591
6526	8663
6569	8648
6610	8662
6520	8612
6488	8617
6448	8616
6472	8655
6485	8693
6464	8735
6449	8825
6434	8869
6390	8877
6395	8831
6360	8802
6350	8848
6321	8886
6355	8918
6383	8953
6421	8921
6429	8965
6468	8938
6477	8893
6408	8783
6452	8781
6551	8787
6579	8749
6796	8588
6774	8550
6814	8545
6778	8506
6503	8303
6514	8349
6549	8317
6581	8291
6670	8199
6557	8001
6577	8048
6621	8034
6679	8026
6724	8015
6774	8020
6820	8013
7325	8232
7284	8210
7307	8168
7357	8179
7402	8172
7431	8142
7427	8103
7425	8066
7430	8022
7376	8088
7380	8128
7340	8132
7529	8211
7573	8214
7609	8211
7648	8218
7692	8233
7731	8209
7870	8369
7922	8378
7987	8389
7969	8333
7958	8279
7875	8232
7839	8259
7793	8285
7754	8320
7708	8317
7646	8378
7602	8397
7575	8437
7538	8467
7520	8424
7544	8392
7555	8353
7595	8352
7535	8301
7572	8304
7615	8308
7651	8328
7688	8364
7730	8379
7774	8376
7823	8393
7657	8659
7718	8669
7789	8659
7799	8751
7911	8499
7891	8431
7956	8439
8026	8453
7948	8594
7982	8533
7841	8467
7808	8338
7733	8270
7772	8238
7815	8217
7833	8173
7752	8114
7785	8081
8295	8617
8264	8804
8087	8748
8210	8712
8131	8659
8190	8590
8187	8495
8100	8486
8084	8564
8043	8630
7971	8678
7852	8311
7904	8321
7894	8276
8016	8297
8063	8265
8012	8239
7974	8224
7929	8238
7920	8196
7881	8183
7866	8136
7918	8146
7938	8098
7977	8078
7999	8048
8025	8085
8089	8039
8067	8001
8044	8039
7891	8094
7911	8058
7905	8014
7866	8046
7819	8050
7843	8090
7819	8121
7789	8141
7779	8186
8188	8300
8104	8307
8046	8354
8103	8396
8189	8394
8275	8400
8288	8499
8140	8857
8172	8958
8074	8939
8024	8847
7977	8772
7888	8813
7926	8888
7977	8952
7869	8962
7925	9026
7979	9102
8041	9035
8133	9058
8163	9134
8154	9208
8076	9233
7900	9181
8063	9145
8244	9101
8237	9027
8963	9563
8991	9608
9030	9568
9039	9514
8963	9321
9032	9329
9051	9260
8977	9246
8915	9269
8857	9248
8792	9259
8726	9256
8178	9600
8241	9654
8444	9746
8525	9698
8456	9644
8388	9682
8315	9701
8307	9605
8296	9848
8360	9793
8429	9844
8492	9920
8493	10001
8441	10032
8419	9946
8348	9926
8620	9984
8678	9989
8715	10022
8756	10056
8798	10099
8778	10156
8743	10117
8695	10093
9120	9871
9060	9897
9011	9841
9077	9790
9128	9736
9161	9811
9197	9753
9251	9778
9313	9529
9272	9571
9226	9623
9160	9622
9209	9568
9090	9538
9139	9563
9166	9513
9233	9517
9276	9465
9335	9411
9367	9353
9359	9284
9388	9230
9348	9170
9414	9151
9286	9219
9226	9263
9292	9299
9146	9275
9113	9336
9112	9056
9086	9120
9158	9122
9193	9013
9227	9082
9277	9142
9217	9173
9174	9203
9108	9200
9040	9176
8975	9172
8947	9447
8905	9398
8873	9333
8799	9327
8716	9344
8659	9181
8634	9263
8604	9342
8649	9426
8387	9582
8487	9560
8530	9506
8557	9421
8481	9416
8393	9423
8299	9382
8383	9313
8312	9260
8250	9186
8320	9018
8407	9001
8451	9065
8372	9081
8333	9150
8400	9215
8465	9254
8524	9309
8551	9236
8573	9165
8523	9105
8495	9177
8431	9143
8819	9046
8790	8983
8714	8960
8760	8906
8682	8846
8597	8835
8543	8907
8501	8957
8254	8915
8339	8920
8426	8896
8489	8818
8381	8819
8349	8715
8438	8650
8399	8542
8489	8492
8425	8421
8354	8367
8284	8306
8373	8266
8301	8217
8296	8151
8505	8052
8460	8110
8436	8049
8386	8087
8324	8087
8261	8091
8238	8048
8184	8043
8183	8094
8000	8001
7955	8032
7843	8009
7805	8002
7659	8013
7630	8043
7609	8000
7560	8014
7547	8059
7588	8051
7603	8090
7602	8132
7588	8174
7630	8170
7708	8129
7738	8162
7686	8176
7661	8136
7650	8093
7701	8089
7683	8051
7733	8059
7732	8015
7771	8031
8629	8001
8579	8057
8540	8117
8574	8179
8615	8110
8652	8063
8712	8064
8719	8124
8767	8033
8785	8098
8815	8172
8983	8068
9051	8065
9114	8104
9112	8045
9169	8047
9311	8165
9358	8113
9360	8063
9354	8013
9312	8052
9287	8086
9248	8138
9239	8200
9192	8829
9173	8916
9108	8975
9080	8907
9001	8948
9032	9024
9014	9098
8946	9104
8924	8904
8847	8914
8879	8991
8954	9020
8887	9060
8863	9124
8893	9182
8817	9183
8740	9170
8780	9114
8737	9052
8664	9025
8684	9103
8607	9094
8579	9019
8501	9032
8629	8933
8549	8607
8566	8706
8686	8736
8597	8279
8514	8257
8461	8209
8379	8163
8445	8326
8531	8368
8619	8369
8621	8485
8693	8594
8741	8485
8846	8495
8818	8601
8988	8227
9000	8297
9063	8354
9210	8382
9133	8418
9099	8493
9034	8442
8942	8458
8976	8377
8901	8377
8907	8298
8892	8211
8958	8147
9031	8150
9082	8199
9093	8267
9296	8254
9347	8309
9275	8342
9456	8582
9862	8855
9937	8893
10021	8873
10077	8930
10126	8993
10286	9006
10322	8949
10389	8947
10460	8935
9799	8403
9855	8452
9921	8463
10103	8489
10105	8542
10052	8580
9991	8568
9975	8503
10037	8501
10064	8442
10081	8387
10020	8364
10098	8335
10152	8391
10137	8444
10198	8448
10202	8362
10239	8398
10258	8455
10321	8433
10300	8383
10358	8387
10351	8338
10307	8309
10256	8336
10060	8007
10011	8039
9959	8006
9964	8067
9953	8119
9995	8144
10399	8222
10465	8033
10484	8081
10522	8041
10481	8290
10501	8241
10453	8229
10487	8192
10499	8142
10532	8096
10581	8100
10573	8151
10606	8209
10598	8277
10582	8326
10580	8375
10625	8411
10675	8411
10726	8392
10694	8353
10970	8184
10923	8196
10892	8107
10932	8083
10978	8088
11007	8055
11040	8028
11067	8192
11254	8479
11300	8480
11324	8440
11320	8397
11358	8423
11393	8444
11411	8482
11390	8518
11348	8475
11347	8516
11015	8736
10984	8764
11025	8794
11074	8803
11102	8766
11145	8750
11172	8794
11234	8813
11241	8774
11204	8756
11188	8715
11165	8859
11131	8908
11180	8930
11199	8985
11144	8975
11096	8952
11075	8899
11107	8851
11134	8811
11100	8715
11147	8697
11143	8651
11190	8657
11325	8649
11335	8732
11375	8748
11343	8829
11374	8864
11406	8833
11562	8929
11585	8890
11600	8836
11565	8785
11626	8781
11602	8739
11553	8720
11647	8705
11672	8753
11719	8761
11767	8764
11807	8741
11827	8700
11870	8685
11846	8638
11873	8590
11884	8537
11914	8569
11947	8537
11932	8496
11942	8447
11885	8485
11884	8442
11914	8413
11979	8413
11946	8380
11954	8342
11911	8331
11897	8370
11865	8395
11816	8378
11632	8455
11444	8533
11416	8566
11370	8569
11342	8600
11328	8559
11287	8568
11257	8537
11298	8519
11243	8579
11233	8624
11273	8656
11287	8612
11317	8698
11280	8703
11243	8730
11232	8687
11260	8990
11245	8939
11219	8887
11207	8841
11284	8812
11321	8779
11287	8754
10876	8795
10905	8907
10960	8889
10987	8837
11058	8746
11007	8647
10964	8635
10942	8676
10915	8636
11047	8845
11024	8893
11042	8946
11049	8999
11037	9058
10981	9070
10923	9074
10936	9016
10947	8951
10995	8941
10992	8996
10217	9654
10173	9730
10223	9793
10233	9885
10274	9950
10363	10002
10288	10063
10265	10154
10172	10132
10137	10042
10203	10010
10154	9939
10046	9990
10056	10093
9979	10146
9969	10053
9930	9986
9866	9931
9797	9979
9728	9961
9661	9994
9621	10183
9673	10269
9764	10300
9875	10303
9942	10232
10069	10197
10132	10277
10233	10253
10338	10237
10425	10215
10503	10219
10490	10135
10581	10202
10657	10166
10666	10246
10697	10319
10697	10404
10625	10373
10590	10294
10530	10377
10564	10475
10647	10488
10739	10481
10788	10545
10890	10506
10836	10473
10851	10403
10778	10417
10774	10349
10850	10319
10933	10369
10931	10442
11086	10421
11067	10345
11492	10199
11551	10205
11581	10254
11593	10301
11601	10352
11646	10309
11607	10706
11648	10745
11715	10721
11780	10737
11701	10768
11703	10820
11660	10846
11651	10799
11556	10671
11492	10660
11520	10610
11473	10579
11440	10637
11412	10589
11357	10603
11358	10539
11343	10477
11400	10484
11424	10535
11458	10468
11494	10517
11544	10493
11576	10455
11515	10433
11629	10474
11677	10476
11726	10478
11741	10424
11800	10418
11773	10383
11780	10338
11810	10287
11750	10295
11740	10245
11767	10203
11800	10236
11831	10194
11886	10201
11897	10147
11945	10150
11979	10186
11939	10201
11919	10239
11909	10283
11858	10244
11860	10294
11838	10335
11827	10379
11884	10491
11892	10448
11853	10421
11840	10461
11788	10467
11786	10562
11766	10516
11721	10535
11714	11725
11668	11774
11716	11823
11760	11787
11831	11698
11877	11660
11871	11603
11821	11632
11876	11531
11897	11565
11931	11577
11977	11587
11992	11491
11962	11531
11915	11510
11984	11439
11948	11480
11931	11434
11895	11466
11851	11471
11809	11516
11832	11569
11780	11574
11736	11547
11747	11620
11695	11600
11701	11657
11658	11690
11606	11723
11595	11789
11556	11853
11487	11828
11556	12358
11525	12440
11502	12516
11414	12468
11445	12370
11060	12193
11112	12303
11230	12288
11189	12162
11154	12055
10945	11760
11021	11713
11025	11836
11113	11816
11127	11726
11211	11797
10983	11521
11048	11460
11140	11440
11098	11366
11001	11364
10918	11332
10924	11428
10854	11504
10714	11336
10699	11227
10623	11142
10577	11248
10454	11270
10343	11279
10244	11368
10218	11207
10709	11723
10918	11618
11014	11614
11109	11631
11102	11534
10985	11224
11019	11131
11082	11180
11325	11616
11393	11669
11375	11735
11436	11772
11521	11757
11543	11680
11468	11679
11416	11597
11487	11467
11525	11528
11592	11561
11615	11632
11541	11612
11482	11594
11453	11533
11408	11485
11278	11315
11305	11238
11223	11126
11160	11166
11227	11198
11240	11261
11196	11313
11219	11376
11499	11390
11550	11344
11609	11325
11649	11381
11583	11403
11636	11437
11681	11322
11789	11369
11728	11295
11740	11347
11712	11390
11762	11413
11804	11451
11753	11482
11694	11513
11693	11452
11660	11565
11185	11531
11255	11556
11216	11618
11207	11701
11286	11697
11291	11779
11346	11829
11307	11895
11205	11898
11108	11935
11005	11959
10918	11883
10887	11980
10927	12080
11036	12075
6788	11402
6845	11534
6759	11575
6665	11619
6660	11726
6752	11686
6849	11663
6958	11627
7062	11724
6941	11749
6888	11874
6793	11790
6756	11932
6698	12023
6746	12136
6823	12194
6822	12297
6750	12235
6735	12312
6712	12381
6777	12374
6861	12377
6917	12431
6993	12441
7017	12363
6937	12309
6904	12239
6922	12130
6975	12222
7204	12115
7154	12210
7078	12266
7196	12439
7517	12612
7565	12604
7558	12652
7486	12642
7463	12606
7412	12601
7376	12574
7414	12440
7405	12521
7351	12522
7310	12555
7284	12493
7326	12396
7415	12354
7334	12274
7250	12340
7245	12246
7179	12285
7127	12352
7092	12440
7037	12511
6997	12580
6954	12522
6875	12501
6867	12558
6874	12611
6939	12604
6979	12647
7046	12644
7079	12579
7130	12523
7265	12666
7311	12637
7334	12600
7379	12687
7375	12637
7427	12650
7431	12698
7475	12682
7524	12683
7610	12673
7576	12710
7553	12749
7505	12734
7456	12743
7435	12783
7390	12788
7312	12843
7325	12890
7367	12869
7415	12895
7414	12840
7470	12843
7470	12896
7440	12981
7490	13044
7520	12980
7590	12975
7564	13058
7532	13117
7608	13157
7618	13095
7682	13088
7657	12947
7659	12878
7724	12902
7731	12959
7697	13020
7636	13025
7676	13158
7713	13210
7781	13303
7785	13593
7776	13752
7652	13713
7526	13787
7451	13887
7352	13961
7256	13851
7215	14138
7209	14002
7138	13928
7131	13818
7204	13723
7096	13690
7021	13629
6912	13688
7007	13772
6916	13801
6826	13736
6761	13690
6676	13644
6609	13609
6602	13534
6535	13528
6108	13150
6077	13132
6038	13142
6027	13105
6028	13064
6072	13054
6057	13017
6096	13014
6057	12971
6073	12929
6119	12934
6150	12946
6121	12801
6166	12795
6169	12755
6201	12715
6226	12768
6265	12757
6250	12712
6287	12697
6292	12651
6340	12665
6341	12710
6312	12743
6386	12700
6406	12746
6361	12755
6294	12786
6339	12791
6382	12798
6414	12833
6464	12826
6558	12865
6610	12872
6656	12851
6691	12897
6636	12916
6721	12951
6672	12967
6627	12984
6644	13040
6616	13107
6558	13101
6579	13047
6567	12991
6522	12956
6539	12914
6587	12932
6781	12942
6824	12982
6853	13029
6860	13082
6925	13074
6918	13023
6890	12976
6855	12934
6923	12923
6974	12897
6977	12960
6977	13021
6805	13305
6720	13325
6634	13290
6683	13238
6514	13059
6515	13011
6466	13026
6475	12977
6430	12988
6431	12934
6478	12919
6501	12878
6443	12874
6395	12883
6383	12931
6337	12948
6283	12942
6293	12984
6333	13094
6299	13121
6309	13044
6335	13009
6372	12979
6385	13016
6419	13042
6364	13060
6401	13087
6382	13125
6340	13152
6306	13182
6269	13159
6228	13157
6011	13298
6029	13333
6038	13375
6015	13411
6012	13499
6040	13533
6058	13492
6047	13455
6218	12573
6205	12617
6029	12556
6014	12516
6995	12830
6996	12768
7043	12784
7213	12526
7246	12595
7210	12656
7175	12602
7120	12648
6276	12377
6290	12330
6298	12270
6348	12303
6112	11779
6074	11753
6033	11759
6041	11716
6023	11817
6064	11797
6084	11698
6122	11667
6078	11655
6050	11627
6023	11597
6006	11563
6063	11123
6032	11144
6018	11184
6069	11184
6049	11235
6089	11226
6108	11270
6071	11284
6034	11307
6236	11498
6284	11498
6326	11526
6350	11581
6250	11729
6291	11732
6282	11780
6091	11880
6061	11845
6029	11877
6055	11913
6010	11931
6092	11944
6138	11906
6141	11857
6186	11879
6191	11922
6199	11964
6167	11991
6141	11955
6075	12000
6045	11966
6014	11989
6095	12045
6123	12010
6159	12042
6140	12077
6120	12122
6080	12149
6098	12201
6005	12079
6044	12048
6078	12083
6051	12107
6023	12135
6014	12180
6050	12198
6005	12261
6046	12293
6054	12242
6105	12253
6150	12269
6145	12317
6098	12303
6106	12353
6151	12371
6178	12402
6223	12381
6237	12333
6189	12337
6199	12282
6253	12294
6247	12251
6242	12200
6290	12212
6402	12134
6487	12107
6492	12181
6564	12142
6641	12117
6589	12062
6589	11999
6617	11914
6682	11839
6606	11812
6531	11854
6403	11777
6443	11863
6450	11940
6534	11952
6473	12028
6371	11993
6389	12059
6340	12110
6350	12175
6289	12153
6351	12239
6411	12270
6413	12209
6571	12229
6658	12202
7327	13574
7318	13676
7379	13787
7555	13937
7678	13962
7665	13845
7938	13868
8163	14060
8139	14190
8260	14243
8429	14196
8339	14067
8406	13920
8455	13751
8264	13776
8182	13895
8058	13738
7921	13709
7896	13524
8049	13432
8179	13489
8071	13589
8217	13635
8362	13611
8492	13559
8371	13464
8259	13404
8238	13307
8304	13232
8382	13316
8432	13185
8885	13076
8918	13343
8818	13363
8805	13487
8842	14440
8754	14593
8652	14722
8918	14568
8991	14684
9112	14601
9170	14749
9036	14841
8930	14946
9062	15062
9125	15206
9290	15280
9422	15241
9552	15339
9287	15582
9339	15744
9378	15885
9336	16000
9463	15986
9725	15988
9664	15914
9653	15810
9739	15728
9740	15592
9800	15487
9877	15392
9936	15553
9888	15683
9842	15796
9936	15806
10120	15701
10126	15777
10182	15843
10096	15876
10027	15829
10221	15744
10216	15667
10153	15594
10069	15557
10037	15650
10004	15733
10267	15820
10355	15818
10760	15635
10814	15687
10761	15713
10699	15704
10681	15635
10727	15573
10687	15392
10610	15378
10534	15310
10513	15387
10522	15469
10621	15288
10574	15213
10660	15216
10702	15303
10747	15437
10768	15358
10821	15412
10852	15336
10796	15278
10866	15255
10875	15184
10806	15205
10734	15217
10818	15994
10866	15969
10820	15932
10807	15882
10812	15829
10786	15782
10830	15744
10875	15706
10888	15641
10941	15610
11002	15715
11073	15718
11116	15678
11149	15636
11195	15597
11243	15622
11272	15690
11229	15702
11202	15747
11251	15750
11307	15750
11298	15643
11292	15586
11256	15558
11481	15481
11434	15447
11478	15426
11480	15379
11532	15367
11543	15408
11532	15453
11534	15498
11540	15583
11567	15624
11608	15647
11648	15668
11694	15674
11766	15722
11723	15709
11706	15751
11663	15780
11612	15784
11620	15744
11662	15720
11730	15634
11757	15672
11800	15666
11781	15614
11823	15709
11806	15750
11848	15771
11871	15736
11918	15704
11877	15686
11860	15656
11830	15626
11820	15579
11858	15561
11877	15602
11904	15637
11891	15517
11906	15557
11951	15546
11996	15537
11980	15497
11940	15490
11902	15473
11856	15457
11818	15362
11825	15414
11865	15386
11898	15358
11920	15316
11945	15280
11938	15237
11939	15193
11889	15229
11892	15277
11805	15314
11759	15300
11684	15329
11638	15319
11636	15362
11641	15409
11626	15457
11681	15448
11724	15424
11735	15471
11763	15505
11809	15478
11782	15447
11770	15402
11766	15355
11724	15364
11711	15299
11790	15257
11744	15252
11703	15235
11665	15272
11613	15276
11634	15231
11666	15203
11655	15158
11680	15121
11728	15123
11741	15079
11781	15061
11769	15019
11752	14971
11747	14930
11754	14889
11782	14854
11822	14818
11797	14776
11826	14730
11847	14695
11896	14731
11908	14683
11870	14654
11898	14607
11932	14642
11866	14563
11848	14609
11810	14584
11899	14522
11856	14506
11804	14529
11806	14474
11753	14492
11708	14449
11672	14402
11620	14444
11627	14513
11566	14496
11516	14470
11489	14531
11559	14553
11514	14604
11478	14644
11529	14683
11595	14781
11622	14741
11587	14702
11556	14741
11610	14651
11569	14618
11628	14581
11446	14470
11443	14587
11406	14529
11362	14571
11302	14668
11269	14724
11218	14682
11243	14627
11300	14596
11230	14466
11227	14546
11176	14613
11070	14376
10997	14408
10835	14469
10811	14391
10738	14375
10619	14371
10650	14453
10745	14485
10733	14575
10642	14560
10693	14665
10624	14714
10595	14640
10531	14741
10578	14813
10689	14782
10740	14875
10639	14865
10398	14825
10482	14848
10532	14908
10701	15137
10763	15126
10824	15117
10739	15043
10885	15006
10828	15055
10795	14980
10822	14917
11123	15147
11094	15198
11082	15260
11009	15274
11025	15214
11041	15143
11017	15088
10955	15064
10898	15099
10949	15155
10925	15296
10984	15332
10923	15359
10898	15418
10898	15485
10829	15483
10807	15554
10868	15568
10825	15626
10937	15543
10970	15476
10975	15410
11041	15387
11043	15447
11996	15675
11963	15705
11847	15881
11886	15908
11841	15945
11887	15956
11925	15962
11899	16000
11948	15990
11989	15987
11969	15942
11983	15897
11937	15917
11931	15877
11964	15844
11992	15809
11984	15752
11938	15752
11946	15796
11894	15780
11914	15823
11886	15852
11848	15823
11756	15770
11805	15799
11766	15818
11764	15863
11805	15854
11807	15909
11789	15950
11810	15993
11697	15982
11744	15979
11730	15938
11760	15907
11684	15928
11714	15892
11723	15849
11709	15809
11674	15851
11649	15970
11622	15931
11649	15893
11614	15866
11635	15824
11544	15783
11510	15815
11523	15859
11529	15906
11475	15934
11480	15894
11435	15898
11389	15900
11465	15848
11559	15998
11598	15988
11422	15944
11432	15982
11485	15976
11525	15955
11575	15944
11581	15900
11565	15862
11582	15822
11570	15737
11525	15726
11489	15757
11460	15793
11445	15655
11385	15617
11348	15651
11330	15700
11204	15658
11179	15693
11154	15723
11117	15748
11111	15794
11059	15778
11004	15891
10970	15983
10917	15955
10944	15915
10985	15937
11025	15963
11048	15920
10863	15792
10882	15838
10852	15867
10884	15913
10922	15873
10964	15851
10926	15815
11021	15758
10961	15762
10908	15755
10938	15703
10989	15653
11049	15663
11093	15625
11072	15571
11020	15600
10996	15554
11032	15510
11090	15505
11994	14742
11995	14796
11948	14825
11916	14782
11952	14760
11943	14711
11977	14689
11985	14643
11963	14594
11924	14566
11965	14542
11944	14505
11983	14476
11998	14417
11982	14360
11964	14308
11907	14302
11918	14355
11859	14354
11805	14348
11767	14419
11825	14413
11860	14449
11896	14409
11949	14398
11941	14447
11903	14468
11891	14815
11861	14772
11773	14729
11785	14683
11811	14647
11414	14735
11462	14710
11497	14751
11532	14790
11558	14838
11515	14867
11504	14912
11462	14887
11414	14915
11393	14868
11438	14836
11489	14827
11453	14784
11393	14799
11328	14894
11258	14880
10912	14930
10972	14994
11035	15020
11059	14962
10993	14926
10978	14858
10888	14862
10814	14821
11144	14320
11122	14238
11039	14199
10956	14128
10875	14012
10786	14026
10677	14048
10579	14080
10869	13869
10959	13961
11022	13881
11116	13919
11068	13788
11162	13825
11228	13899
11246	13981
11330	13886
11366	13800
11424	13842
11430	13928
11458	13759
11535	13742
11526	13657
11592	13671
11501	13840
11452	13675
11404	13625
11342	13608
11295	13551
11276	13490
11316	13434
11389	13550
11479	13584
11456	13516
11355	13493
11208	13563
11200	13644
11267	13625
11312	13693
11379	13713
11399	14132
11477	14093
11419	14029
11340	13973
11318	14067
11313	14158
11311	14244
11404	14232
11311	14337
11382	14307
11443	14338
11481	14394
11528	14331
11588	14284
11614	14354
11561	14400
11393	14408
11358	14475
11306	14525
11296	14424
11157	14420
11224	14380
11229	14292
11013	14307
10910	14397
10876	14326
10923	14250
11041	14041
11117	14121
11153	14021
11224	14094
11213	14186
10430	14742
10475	14643
10437	14567
10442	14484
10431	14391
10519	14335
10432	14263
10330	14277
10322	14420
10222	14450
10255	14551
10038	14625
10154	14619
10110	14728
10186	14764
10243	14678
10307	14777
10283	14866
10285	14964
10384	14932
10467	14983
10554	14990
10622	14946
10703	14962
10642	15037
10620	15131
10550	15083
10512	15153
10423	15151
10486	15249
10397	15249
10323	15182
10450	15060
10345	15066
10230	15072
10209	15177
10180	15287
10285	15282
10328	15378
10430	15334
10425	15413
10430	15485
10430	15562
10453	15637
10385	15666
10308	15749
10309	15684
10279	15610
10350	15572
10334	15473
10235	15514
10223	15411
9999	15441
10092	15463
10098	15355
9991	15296
10101	15087
10075	15202
9976	15125
9883	15018
9994	14974
10063	14879
10167	14866
10150	14960
9992	14759
9917	14676
9911	14561
9913	14468
9715	14070
9582	13967
9528	14089
9408	13992
10190	13646
10274	13594
10213	13532
10127	13540
10052	13457
9998	13384
10033	13314
10086	13362
10166	13346
10122	13279
10128	13203
10200	13255
10244	13316
10229	13403
10309	13389
10331	13314
10274	13249
10340	13242
10397	13284
10464	13264
10452	13335
10391	13571
10373	13677
10276	13734
10487	13654
10538	13740
10649	13766
10732	13715
10746	13833
10737	13916
10634	13924
10533	13848
10541	13970
10524	14173
10754	14134
10844	14145
10782	14258
10690	14287
10602	14257
10665	14191
10389	14142
10433	14041
10403	13926
10404	13802
10275	13876
10273	14002
10283	14114
10152	14095
10143	13938
9840	14246
9765	14362
9644	14391
9736	14515
9793	14645
9655	14677
9590	14553
8533	14068
8601	14234
8697	14126
8828	14110
8741	13971
8797	13835
8914	13716
9108	13842
9259	13883
9256	14035
9111	14020
8998	14123
8949	14271
8789	14262
8676	14398
8577	14528
8530	14366
8393	14338
8068	14333
7995	14188
7728	14224
7854	14148
7968	14026
7821	13979
7636	14092
7481	14065
7351	14072
7394	14185
7272	14280
7147	14344
7234	14439
7391	14485
7229	14590
7108	14646
7016	14574
6928	14501
6822	14517
6792	14433
6702	14458
7319	14696
7190	14735
7070	14779
6975	14688
7111	14505
6740	14529
6659	14529
6621	14595
6581	14648
6750	14700
6779	14787
6871	14833
6966	14804
7030	14889
7176	15007
7149	14901
7282	14855
7465	14827
7627	14793
7627	14660
7463	14649
7555	14531
7544	14423
7439	14332
7575	14270
7632	15342
7588	15469
7690	15559
7749	15254
7615	15152
7734	15056
7638	14955
7512	15038
7324	14992
7364	15127
7466	15253
7326	15290
7172	15236
7071	15289
6992	15223
7143	15370
7260	15413
7249	15512
7140	15507
7052	15463
6980	15526
6894	15513
6847	15451
6845	15365
6935	15324
6995	15376
6926	15430
6761	15506
6818	15535
6859	15594
6920	15616
6992	15627
7311	15760
7365	15709
7474	15724
7510	15608
7770	15786
7885	15793
7856	15913
7718	15929
7536	15920
7535	15836
7644	15849
7854	15629
7842	15456
7912	15356
7965	15222
8131	15277
8039	15527
8290	15406
8429	15501
8440	15669
8616	15571
8619	15738
8764	15768
8782	15613
8935	15464
8965	15676
8956	15820
9093	15885
9217	15932
9268	15833
9152	15782
9123	15625
8538	15353
8391	15253
8306	15130
8452	15030
8536	15162
8674	15207
8744	15371
8896	15264
8659	14991
8802	15081
11161	15775
11352	15784
11360	15833
11401	15860
11422	15825
11404	15786
10580	15769
10564	15831
10623	15831
10648	15874
10592	15904
10573	15961
10524	15917
10506	15864
10504	15793
10436	15825
10393	15758
10456	15729
10532	15718
10325	15956
10248	15989
10179	15998
10078	15970
10140	15925
10204	15935
10256	15915
10319	15878
10387	15893
10399	15947
10412	15994
10447	15898
10466	15953
10512	15971
10613	15985
10648	15931
10668	15983
10722	15991
10710	15939
10765	15952
10700	15876
10754	15894
10750	15839
10729	15784
10682	15820
10654	15759
10617	15704
10607	15638
10539	15644
10508	15561
10572	15545
10640	15569
10758	15510
10680	15495
10610	15464
9759	15865
9808	15938
9936	15974
10006	15923
9894	15900
9604	15972
9537	15887
9486	15793
9591	15681
9438	15619
9528	15505
9645	15468
9709	15362
9722	15258
9819	15157
9885	15261
9698	15090
9576	15172
9378	15421
9157	15385
8943	15991
8821	15908
8645	15926
8501	15952
8469	15813
8321	15831
8209	15751
8303	15651
8042	15686
8204	15905
8116	15965
8039	15850
7648	15679
7448	15437
7806	14684
7941	14624
8063	14526
7725	14398
7867	14339
7915	14462
7749	14546
7765	14866
7937	14817
8145	15100
7930	15023
8108	14954
8152	14809
8157	14657
8312	14916
8461	14826
8447	14666
8311	14729
8315	14561
8200	14523
8247	14406
8442	14492
8599	13881
8637	13708
8764	13633
8662	13527
8566	13411
8521	13301
8648	13230
8704	13347
8549	13152
8598	13043
8595	12945
8522	12895
8495	13015
8410	13073
8311	13112
8199	13079
8184	13193
8078	13167
7971	13174
7877	13176
7786	13204
7761	13134
7754	13067
7825	13087
7905	13080
7868	13014
7925	12975
7882	12933
7979	12926
7933	12877
8001	12852
8078	12869
7942	12712
7883	12755
7929	12802
7989	12775
8027	12711
7969	12650
8030	12604
8094	12640
8187	12877
8157	12780
8067	12789
8090	12719
8164	12695
8180	12623
8168	12540
8096	12526
8000	12512
7954	12574
7346	12805
7269	12979
7364	12961
7357	13038
7417	13056
7456	13118
7563	13212
7529	13284
7459	13259
7388	13268
7443	13344
7425	13424
7446	13541
7439	13661
7551	13613
7652	13571
7694	13471
7774	13411
7875	13389
7880	13278
8007	13290
8120	13306
8510	12776
8427	12856
8402	12947
8294	12981
8309	12862
8253	12763
8283	12683
8283	12600
8409	12631
8519	12672
8606	12616
8692	12634
8747	12622
8825	12492
8933	12599
8948	12683
8884	12657
8888	12727
8868	12788
8815	12758
8822	12691
8808	12634
8855	12593
8804	12554
8801	12432
9158	13070
9198	13019
9179	12967
9116	13002
9140	12927
9080	12940
9048	12990
8975	12977
9010	12929
9048	12881
8926	12816
8898	12875
8934	12925
8973	12865
9016	12825
9113	12872
9082	12827
9099	12775
9042	12770
8975	12766
9039	12550
9106	12670
9141	12725
9205	12708
9186	12767
9217	12812
9157	12818
9182	12878
9228	12918
9252	12971
9266	13023
9359	13103
9415	13070
9482	13093
9545	13090
9598	13132
9530	13165
9460	13163
9397	13170
9325	12957
9338	13017
9397	12994
9380	12923
9332	12865
9291	12911
9253	12866
9285	12822
9346	12729
9362	12798
9408	12855
9453	12938
9496	12862
9564	12876
9535	12942
9635	12860
9721	12715
9765	12821
9711	12828
9699	12888
9764	12884
9739	12968
9826	12959
9869	12889
9818	12868
9828	12810
9862	12743
9808	12733
9835	12652
9753	12222
9678	12269
9582	12267
9960	12376
9861	12347
9842	12435
9829	12519
9766	12598
9722	12507
9715	12405
9766	12328
9838	12246
9924	12265
10013	12287
9926	12156
9888	12026
9844	11923
9950	11853
9945	11734
9954	11525
10072	11579
10074	11433
10080	11299
10210	10909
10243	10797
10194	10688
10230	10567
10107	10586
9999	10498
9955	10395
9835	10417
9719	10418
9611	10383
9575	10279
9485	10332
9775	10549
9884	10546
9968	10620
10041	10703
10106	10806
10000	11008
10049	10921
10112	11006
10240	11047
10333	11145
10393	11411
10424	11545
10350	11654
10431	11800
10320	11853
10419	11963
10554	11658
10582	11787
10537	11913
10534	12026
10598	12124
10647	12010
10760	11985
10681	11885
10784	11857
10844	11723
10781	11611
10659	11569
10549	11511
10628	11423
10529	11367
10243	11523
10195	11675
10133	11811
10173	11917
10267	12010
10279	12150
10354	12113
10401	12190
10460	12123
10314	12239
10402	12270
10342	12328
10263	12334
10175	12667
10181	12725
10129	12704
10080	12688
10126	12629
10179	12607
10233	12623
10236	12676
10249	12726
10297	12736
10345	12751
10356	12703
10300	12685
10330	12643
10285	12610
10378	12602
10327	12583
10309	12523
10263	12468
10310	12410
10108	12258
10021	12213
10095	12163
10120	12068
10192	12145
10204	12234
10171	12315
10177	12402
10071	12379
10103	12469
10065	12534
10007	12556
10015	12482
9935	12502
9929	12557
9917	12628
10038	12984
10099	12959
10143	12991
10172	12943
10225	12847
10193	12812
10210	12766
10151	12769
10120	12807
10080	12850
10121	12901
10217	12986
10203	13064
10272	13055
10333	13044
10408	13056
10290	12985
10270	12938
10237	12896
10188	12887
10146	12854
10253	12783
10270	12822
10304	12789
10348	12809
10384	12828
10426	12842
10471	12837
10490	12876
10435	12887
10377	12879
10391	12928
10423	12985
10460	13035
10461	13091
10415	13121
10468	13142
10455	13188
10406	13193
10352	13173
10358	13119
10286	13179
10298	13122
10236	13122
10218	13186
10169	13134
9814	13131
9811	13047
9469	13347
9537	13306
9549	13400
9579	13500
9667	13577
9697	13494
9649	13417
9585	13225
9504	13233
9441	13260
9383	13304
9359	13235
9327	13173
9271	13141
9291	13076
9226	13081
9260	13217
11140	13099
11180	13009
11230	13008
11237	13062
11287	13093
11336	13081
11381	13071
11426	13102
11229	13164
11253	13207
11290	13245
11345	13236
11386	13272
11420	13305
11477	13326
11581	13420
11592	13359
11626	13304
11633	13246
11578	13265
11557	13318
11527	13277
11523	13227
11470	13262
11419	13227
11380	13192
11418	13158
11464	13197
11587	13201
11898	13250
11952	13240
11995	13057
11980	13117
11937	13132
11931	13071
11825	13019
11841	12964
11876	12907
11877	12844
11935	12879
11938	12932
11904	12973
11894	13027
11868	13077
11887	13133
11836	13130
11949	13006
11990	12934
11999	12987
11967	13183
11778	13750
11822	13696
11830	13546
11816	13500
11692	13484
11522	13525
11552	13578
11615	13599
11674	13607
11653	13674
11713	13676
11764	13691
11795	13641
11858	13650
11840	13601
11886	13596
11905	13550
11877	13506
11924	13495
11925	13447
11940	13396
11994	13374
11971	13344
11954	13293
11981	13429
11889	13415
11858	13458
11800	13440
11825	13403
11893	13312
11920	13348
11873	13367
11831	13345
11841	13292
11835	13239
11862	13190
11914	13189
11792	13156
11731	13163
11687	13280
11715	13329
11521	13375
11423	13365
11466	13412
11509	13456
11415	13463
11379	13409
11357	13351
11303	13362
11324	13293
11132	13181
11181	13198
11211	13243
11249	13287
11239	13349
11237	13407
11210	13467
11173	13382
11132	13331
11184	13299
11143	13257
11964	13871
11995	13816
11951	13792
11919	13829
11866	13722
11896	13686
11962	13741
11994	13706
11986	13571
11998	13616
11968	13654
11945	13690
11916	13635
11946	13598
11959	13528
11975	13480
11689	12808
11752	12821
11809	12855
11823	12793
11817	12735
11735	12745
11680	12681
11632	12753
11545	12752
11525	12824
11478	12892
11518	12947
11447	12949
11411	12899
11365	12782
11390	12713
11598	12676
11521	12676
11447	12701
11311	12727
11291	12803
11567	12969
11602	12924
11557	12888
11608	12834
11665	12877
11736	12890
11695	12944
11765	12966
11808	12918
11946	12819
11981	12774
11902	12773
11995	12675
11950	12720
11886	12710
11919	12658
11966	12622
11938	12571
11877	12595
11925	12438
11848	12428
11794	12384
11744	12330
11657	12332
11594	12280
11656	12225
11608	12092
11413	12059
11462	12000
11549	12019
11515	12102
11514	12183
11590	12178
11661	12144
11728	12120
11790	12266
11712	12263
11506	12286
11440	12239
11239	11981
11325	12011
11393	11955
11429	11885
11650	11854
11730	11893
11670	11936
11718	11974
11793	11931
11856	11959
11881	11907
11836	11872
11780	11847
11836	11806
11950	11678
11956	11631
11916	11629
11773	11673
11773	11725
11816	11754
11909	11700
11869	11743
11917	11750
11960	11727
11958	11786
11950	11839
11898	11850
11898	11801
11990	11868
11948	11891
11926	11938
11975	11957
11912	11991
11908	12039
11885	12083
11996	12133
11958	12021
11996	12058
11946	12092
11916	12145
11960	12166
11957	12217
11897	12210
11852	12250
11835	12309
11862	12359
11910	12385
11958	12368
11997	12413
11974	12461
11949	12506
11887	12517
11970	12300
11931	12268
11907	12313
11818	12574
11819	12494
11612	12511
11651	12586
11555	12603
11446	12593
11370	12562
11344	12642
11272	12612
11282	12512
11188	12530
11077	12560
11040	12631
11039	12766
11078	12802
11079	12845
11051	12875
11008	12872
10969	12855
10958	12810
10922	12855
10950	12906
10995	12934
11035	12917
11081	12925
11131	12929
11114	12886
11154	12861
11127	12824
11188	12641
11122	12622
11090	12687
11131	12714
11183	12728
11246	12707
11241	12765
11233	12822
11186	12910
11180	12810
11139	12769
11088	12750
11044	12711
10929	12708
10978	12666
10959	12612
10825	12640
10773	12651
10719	12657
10662	12643
10608	12666
10601	12613
10560	12638
10511	12634
10478	12695
10525	12686
10560	12711
10575	12760
10583	12820
10619	12776
10763	12773
10810	12770
10836	12813
10866	12854
10892	12811
10917	12776
10990	12719
10951	12746
10987	12767
11021	12816
11031	12967
11029	13011
11004	13049
11012	13088
10963	13090
10918	13092
10876	13070
10845	13107
10698	13134
10749	13115
10715	13078
10714	12974
10758	12984
10733	13019
10686	13036
10663	13079
10601	13074
10553	13077
10509	13065
10531	13020
10495	12984
10465	12937
10523	12928
10680	12939
10827	12980
10789	12951
10820	12929
10835	12892
10863	12769
10886	12737
10866	12692
10900	12653
10694	12529
10671	12594
10736	12595
10556	12436
10499	12296
10486	12228
10568	12226
10671	12233
10591	12296
10566	12360
10644	12395
10711	12378
10663	12324
10744	12312
10801	12371
10809	12442
10846	12516
10874	12595
10803	12576
10764	12522
10717	12459
10638	12459
10588	12496
10615	12551
10240	12550
10188	12516
10130	12550
10063	12616
9992	12622
10024	12675
10038	12732
9986	12744
9961	12688
9910	12697
9921	12754
10087	12755
10046	12797
9994	12807
9934	12810
9883	12821
10054	12906
10023	12862
9971	12864
9925	12884
9908	12962
9970	12994
9991	12933
9754	13136
9693	13042
9678	13127
9645	13196
9667	13260
9617	13318
9703	13348
9754	13408
9832	13473
10166	13777
10079	13687
10039	13585
9967	13669
9635	12954
9601	13036
9540	13022
9470	13017
8833	12862
8787	12820
8716	12788
8736	12710
8640	12712
8618	12792
8647	12878
8726	12886
9181	13415
9223	13348
9223	13277
9303	13295
9353	13377
9278	13404
9252	13489
9269	13578
9208	13675
9146	13496
9128	13572
9072	13676
8981	13819
8923	13959
9148	14257
9890	14827
10770	14743
10854	14728
10911	14789
11023	14687
10948	14700
10890	14642
10794	14661
10819	14566
10917	14545
10921	14478
11001	14506
11078	14472
11149	14508
11114	14574
11046	14575
10981	14610
10991	14780
11059	14812
11067	14887
11132	14923
11193	14899
11231	14943
11178	14973
11119	14997
11182	15038
11148	15086
11093	15072
11187	15160
11146	15235
11207	15238
11251	15195
11284	15245
11472	15274
11523	15243
11538	15195
11503	15159
11468	15118
11467	15068
11421	15037
11382	15074
11411	15123
11299	15102
11250	15132
11210	15096
11263	15059
11236	15008
11293	14996
11294	14942
11324	15045
11364	15010
11357	14954
11415	14974
11462	14948
11469	15005
11522	15069
11524	15113
11568	15142
11619	15124
11799	14955
11848	14861
11695	13967
11706	13889
11636	13918
11601	13985
11659	13352
11694	13405
11637	13405
11634	13459
11577	13482
11590	13529
11642	13529
11700	13547
11735	13603
11797	13587
11765	13544
11760	13493
11737	13439
11751	13383
11787	13334
11785	13210
11775	13279
11729	13238
11685	13213
11641	13190
11673	13142
11622	13132
11588	13082
11599	13027
11632	12976
11666	13022
11718	13019
11770	13036
11805	13082
11753	13103
11703	13086
11652	13080
11483	13001
11434	13035
11479	13071
11533	13037
11532	13105
11568	13146
11521	13174
11477	13139
11353	13138
11317	13187
11291	13153
11244	13118
11285	13034
11281	12978
11334	12972
11341	13023
11390	13003
11383	12954
11354	12912
11304	12918
11253	12930
11214	12958
11168	12956
11125	12980
11079	12980
11084	13021
11057	13060
11098	13076
11136	13035
11178	13060
11196	13105
11174	13144
10888	13232
10930	13196
10982	13194
10950	13147
10900	13147
10859	13167
10795	13092
10769	13057
10797	13019
10824	13054
10858	13022
10907	13034
10925	12993
10953	12957
10981	12994
10958	13039
10893	12892
10908	12936
10860	12932
10877	12975
11027	13240
11008	13304
10957	13261
10899	13300
10773	13304
10817	13196
10792	13149
10735	13175
10670	13184
10610	13181
10561	13196
10508	13204
10483	13532
10543	13464
10625	13400
10708	13389
10784	13385
10836	13340
10837	13266
10775	13238
10718	13243
10670	13255
10616	13241
10690	13314
10604	13316
10557	13265
10525	13318
10535	13384
10391	13385
10460	13408
10414	13471
10309	13482
10149	13442
9906	13399
9956	13497
9898	13578
9841	13668
9791	13566
9716	13663
9756	13766
9725	13896
9610	13794
9498	13816
9388	13845
9268	14608
9354	14815
9244	14932
9290	15101
9451	15031
9587	14949
9701	14825
9772	14956
9540	14793
9469	14648
9412	14512
9496	14418
9349	14348
9371	14189
9522	14253
9667	14223
9885	14121
9842	13999
9875	13810
10026	13812
9976	13929
10037	14030
10038	14150
9975	14243
9912	14364
10010	14348
10124	14266
10229	14220
10235	14340
10115	14403
10139	14522
10030	14502
11835	12657
11762	12667
11725	12606
11749	12545
11701	12497
11755	12443
11709	12400
11632	12426
11458	12773
11450	12834
11386	12834
11329	12849
11271	12868
11212	12870
11056	13116
11102	13147
7264	13110
7297	13057
7227	13033
7168	13025
7158	12945
7075	12950
7054	12869
7114	12865
7174	12841
7094	12796
7139	12768
7185	12779
7242	12778
7243	12829
7268	12879
7213	12890
7042	8343
7080	8361
7060	8397
6997	8333
6954	8327
6915	8309
6872	8296
6807	8409
6765	8390
6773	8357
6775	8319
6728	8328
6731	8286
6752	8247
6775	8207
6791	8276
6844	8262
6816	8230
6841	8200
6873	8179
6910	8149
6893	8105
6931	8092
6976	8076
7021	8009
6981	8027
6939	8043
6901	8053
6854	8054
6840	8090
6273	9980
6240	10013
6235	9825
6169	9892
6201	9923
6247	9923
6225	9962
6198	9990
6160	9974
6154	9937
6152	10024
6165	10069
11549	9933
11715	9975
11711	9923
11728	9883
11756	9844
11701	9841
11571	9733
11603	9694
11640	9658
11517	9724
11458	9725
11430	9779
11338	9711
11284	9681
11265	9618
11222	9662
11182	9695
11160	9754
11152	9815
11116	9856
11085	9914
11091	9979
11306	9258
11357	9272
11404	9295
11410	9347
11602	9353
11653	9361
11645	9309
11605	9287
11557	9337
11518	9303
11470	9214
11413	9230
11357	9212
11352	9168
11307	9156
11288	9108
11182	9140
11125	9128
11098	9074
11096	9015
11152	9030
11175	9076
11153	9194
11176	9248
11216	9199
11247	9152
11228	9098
11317	8992
11307	8948
11285	8900
11304	8858
11258	8860
11018	8536
10973	8526
10936	8571
10973	8589
11026	8594
11054	8631
11096	8653
11127	8607
11085	8587
11065	8551
11106	8535
11122	8491
11164	8466
11208	8480
11219	8521
11282	8437
11213	8433
11255	8415
11233	8380
11282	8379
11269	8340
11223	8331
11116	8197
11104	8151
11141	8125
11160	8157
11168	8197
11160	8249
11198	8286
11153	8299
11115	8273
11095	8238
11296	8116
11332	8135
11352	8101
11381	8132
11412	8157
11375	8181
11337	8181
11300	8206
11214	8178
11204	8137
11181	8109
11253	8203
11568	8455
11560	8412
11607	8411
11657	8405
11704	8421
11716	8383
11673	8355
11624	8359
11576	8366
11576	8323
11541	8316
11501	8320
11486	8359
11461	8325
11382	8344
11359	8377
11322	8344
11342	8304
11299	8300
11251	8292
11114	8325
11075	8353
11085	8403
11121	8432
11162	8413
11190	8382
11172	8343
11129	8372
11037	8389
11033	8434
11077	8459
11058	8496
11169	8520
11152	8564
11205	8573
11181	8610
11061	8686
11020	8691
10976	8697
10941	8735
10938	8791
10922	8845
10871	8864
10821	8870
10811	8808
10764	8773
10747	8812
10763	8862
10725	8901
10784	8926
10844	8936
10812	8984
10090	9239
10131	9297
10192	9263
10259	9256
10327	9238
10321	9329
10224	9356
10266	9432
10349	9422
10470	9426
10410	9478
10427	9545
10311	9633
10388	9618
10370	9726
10464	9703
10422	9804
10477	9875
10471	9961
10567	9942
10648	9902
10643	9827
10566	9847
10521	9775
10560	9676
10614	9746
10658	9668
10587	9589
10647	9360
10579	9356
10572	9281
10504	9365
10490	9284
10526	9219
10463	9205
10407	9187
10412	9264
10416	9349
10328	9527
10231	9545
10296	9730
10488	9603
10508	9511
10582	9516
10655	9532
10703	9463
10776	9461
10797	9399
10827	9335
10795	9279
10829	9229
10867	9277
10931	9277
10912	9338
10879	9392
10853	9452
10920	9463
10956	9400
11009	9446
11061	9488
11121	9485
11157	9421
11085	9181
11050	9122
11232	9044
11285	9052
11337	9043
11347	9100
11385	9059
11418	9024
11416	8978
11472	8984
11523	8955
11564	8982
11629	8992
11682	9011
11643	9042
11588	9035
11560	9079
11610	9087
11789	9296
11803	9346
11844	9359
11887	9357
11853	9306
11825	9264
11785	9238
11754	9206
11687	9196
11710	9234
11684	9272
11741	9275
11845	9218
11819	9181
11885	9112
11924	9142
11984	9264
11978	9218
11933	9188
11897	9215
11888	9261
11939	9243
11938	9281
11903	9311
11860	9400
11814	9400
11805	9449
11763	9494
11760	9442
11716	9421
11670	9407
11706	9371
11757	9389
11745	9337
11694	9320
11666	9460
11714	9472
11718	9517
11666	9524
11620	9544
11573	9510
11524	9520
11507	9562
11454	9542
11478	9488
11528	9469
11579	9450
11614	9413
11420	9479
11386	9523
11431	9600
11483	9605
11381	9581
11371	9764
11383	9822
11439	9844
11402	9708
11395	9650
11334	9630
11318	9571
11318	9508
11262	9554
11240	9499
11191	9479
11076	9425
11031	9379
10989	9327
10996	9264
11048	9240
11023	9186
10986	9135
10924	9145
10865	9096
10897	8969
10864	9025
10809	9056
10747	9082
10752	9022
10736	8966
10684	8945
10719	9143
10697	9199
10735	9249
10775	9195
10800	9130
10850	9167
10897	9213
10959	9209
11197	9360
11185	9297
11129	9312
11108	9371
11052	9309
11112	9247
11245	9255
11280	9207
11248	9314
11306	9321
11355	9345
11321	9390
11265	9377
11226	9424
11283	9451
11347	9451
11398	9406
11444	9434
11491	9427
11544	9405
11507	9363
11454	9380
11463	9327
11458	9273
11397	9135
11420	9171
11472	9151
11631	9140
11579	9188
11580	9137
11532	9129
11525	9182
11516	9241
11557	9262
11594	9234
11647	9237
11639	9186
11727	9165
11736	9120
11779	9148
11685	9134
11657	9099
11692	9068
11734	9064
11778	9079
11810	9104
11844	9138
11878	9170
11878	9039
11913	9063
11939	9095
11974	9121
11971	9168
11857	9083
11831	9053
11827	9016
11733	9001
11769	9033
11784	8986
11793	8941
11816	8901
11838	8971
11850	8935
11878	8902
11894	8860
11724	8812
11744	8858
11764	8896
11738	8939
11701	8906
11692	8856
11663	8816
11638	8882
11689	8967
11658	8934
11608	8944
10968	10668
10911	10697
10714	10845
10614	10775
10605	10675
10693	10650
10715	10575
10623	10581
10532	10596
10450	10536
10351	10565
10313	10666
10374	10116
10451	10053
10542	10033
10643	9993
11024	10197
11034	10268
11092	10228
11155	10217
11188	10137
11216	10203
11253	10156
11302	10186
11338	10237
11269	10251
11213	10399
11002	10330
10868	10245
10891	10176
10948	10226
10935	10295
11015	10398
11015	10459
11077	10488
11036	10534
10967	10513
10997	10587
10926	10584
10857	10596
10774	10637
10827	10677
10790	10749
10715	10742
10770	11031
10728	11115
10647	11023
10951	10779
10869	10771
10807	10839
10808	10930
10714	10947
10610	10909
10508	10955
10542	11064
10465	11149
10419	11043
10344	10976
10368	10883
10382	10769
10413	10322
10502	10303
10590	10104
10668	10073
10738	10118
10754	10197
10762	10260
10819	10164
10884	10097
10816	10067
10749	10032
10730	9958
10821	9973
10886	10011
10942	9963
11013	9990
10950	10047
10998	10094
11050	10132
11111	10156
11134	10089
11018	9903
11023	9774
11093	9779
10954	9746
10917	9685
10925	9622
10988	9589
11051	9636
11051	9708
11116	9692
11137	9624
11454	9662
11508	9660
11554	9675
11589	9639
11540	9615
11562	9567
11606	9597
11654	9597
11702	9569
11624	9484
11628	8028
11588	8015
11613	8071
11600	8112
11647	8109
11677	8138
11687	8032
11661	8063
11694	8094
11737	8115
11777	8089
11806	8058
11849	8047
11900	8034
11888	8100
11918	8078
11961	8072
11950	8120
11994	8145
11980	8208
11962	8256
11936	8293
11997	8368
11992	8318
12000	8274
11874	8196
11881	8289
11840	8295
11813	8329
11860	8339
11830	8429
11841	8472
11837	8516
11832	8557
11817	8602
11795	8640
11776	8681
11749	8715
12000	8736
11953	8711
11927	8678
11893	8645
11924	8618
11781	8574
11748	8598
11703	8606
11654	8599
11682	8552
11730	8547
11782	8526
11797	8481
11783	8437
11765	8396
11771	8357
11725	8338
11741	8298
11775	8305
11698	8298
11659	8307
11618	8309
11583	8278
11554	8244
11513	8229
11483	8193
11439	8182
11470	8149
11437	8117
11484	8096
11522	8072
11488	8041
11569	8058
11533	8028
11380	8013
11336	8014
11300	8032
11322	8072
11362	8056
11398	8083
11446	8070
11416	8040
11449	8011
11705	8694
11738	8643
11678	8650
11629	8652
11599	8608
11627	8559
11590	8534
11600	8493
11644	8508
11696	8504
11682	8458
11494	8522
11455	8485
11525	8446
11499	8480
11475	8439
11434	8440
11405	8395
11429	8360
11423	8315
11387	8298
11512	8399
11530	8361
11518	8276
11468	8281
11596	8227
11626	8259
11667	8254
11710	8251
11689	8207
11663	8178
11638	8212
11627	8148
11601	8179
11565	8150
11556	8107
11520	8130
11515	8175
11559	8200
11717	8164
11761	8157
11789	8196
11741	8207
11761	8247
11802	8265
11821	8218
11856	8244
11904	8246
11926	8211
11948	8172
11910	8148
11875	8140
11842	8161
11987	8035
11942	8024
11840	8099
11799	8132
11728	8061
11726	8009
11768	8033
11808	8006
10844	8016
10806	8046
10759	8024
10705	8027
10728	8070
10770	8080
10770	8125
10769	8168
10773	8211
10750	8256
10659	8296
10639	8345
10578	8437
10473	8497
10469	8557
10420	8547
10358	8545
10391	8598
10425	8648
10478	8670
10460	8609
10376	8679
10315	8707
10296	8769
9902	8658
9840	8686
9787	8665
9711	8634
9630	8644
9584	8701
9669	8726
9751	8745
9822	8771
9890	8757
9956	8721
9679	8809
9669	8876
9728	8910
9798	8922
9772	8837
9690	8971
9622	8938
9598	8862
9527	8882
9539	8976
9544	9048
9625	9034
9506	9129
9591	9255
9572	9336
9649	9336
9672	9429
9579	9418
9535	9515
9580	9596
9528	9626
9667	9615
9613	9659
9556	9680
9604	9729
9666	9759
9676	9693
9696	9542
9620	9507
9753	9473
9738	9177
9785	9248
9874	9249
9984	9262
10011	9178
10073	9135
10126	9076
10019	9083
9954	9096
9919	9167
9839	9164
9777	9097
9861	9087
9921	9018
9868	8961
9824	9021
9759	8994
9710	9046
9691	9112
9609	9106
9578	9169
9654	9186
9693	9252
10015	9432
10079	9479
10175	9471
10116	9388
10052	9334
9983	9356
9934	9417
10142	9566
10116	9660
10033	9679
9947	9638
10083	9765
10139	9841
10069	9897
10008	9839
9961	9909
10025	10284
10073	10373
10140	10470
10202	10367
10322	10356
10473	10434
10390	10452
10286	10462
10424	10656
10509	10726
10492	10838
11457	10314
11533	10305
11515	10255
11454	10253
11400	10227
11539	10140
11485	10136
11432	10170
11372	10162
11432	10096
11370	10092
11403	10037
11420	9979
11482	9962
11489	9902
11433	9914
11465	10030
11509	10074
11569	10086
11600	10145
11606	10202
11645	10245
11691	10259
11705	10315
11971	10241
11972	10281
11998	10532
11964	10505
11984	10462
11991	10347
11955	10373
11988	10409
11942	10433
11931	10479
11923	10534
11950	10563
11940	10608
11988	10779
11973	10823
11947	10861
11980	10901
11997	10956
11950	10981
11940	10935
11999	11055
11952	11036
11906	11006
11888	10954
11851	10923
11805	10911
11764	10949
11714	10956
11674	10982
11631	10888
11580	10899
11524	10894
11517	10959
11460	10914
11471	10852
11408	10836
11464	10787
11488	10725
11539	10745
11589	10781
11611	10838
11560	10845
11521	10809
11542	10555
11602	10530
11580	10609
11631	10585
11630	10645
11679	10685
11792	11109
11849	11102
11855	11053
11907	11065
11850	10995
11808	10971
11756	11007
11801	11043
11747	11068
11704	11038
11646	11037
11610	11081
11554	11123
11497	11157
11434	11185
11431	11256
11507	11233
11559	11191
11614	11207
11634	11264
11693	11240
11562	11281
11491	11314
11424	11327
11426	11398
11365	11433
11315	11486
11359	11544
11231	11456
11297	11397
11353	11356
11357	11290
11371	11218
11367	11153
11301	11153
11443	11118
11391	11085
11398	11022
11454	11044
11503	11081
11510	11020
11565	11035
11606	10998
11579	10958
11442	10971
11405	10911
11360	10961
11324	11017
11265	10993
11334	10823
11339	10889
11283	10927
11275	10834
11232	10874
11206	10946
11158	10988
11098	10942
11037	10896
10970	10875
10899	10856
11157	10884
11189	10818
11148	10606
11176	10547
11235	10570
11228	10508
11204	10456
11144	10460
11277	10460
11298	10517
11297	10579
11302	10643
11260	10692
11239	10763
11183	10734
11159	10679
11023	10734
11030	10800
11096	10845
11128	10785
11091	10735
11030	10659
11092	10664
11075	10597
11115	10538
11220	10637
11329	10702
11373	10662
11424	10703
11413	10765
11356	10765
11302	10760
11327	11088
11265	11065
11208	11042
11159	11069
11105	11099
11089	11025
11019	11054
11018	10980
10922	10940
10876	11004
10939	11069
10843	11110
10926	11159
10889	11231
10805	11207
10819	11300
10741	11469
10822	11395
11045	11277
11141	11262
11563	11473
11633	11497
11876	11257
11852	11210
11820	11159
11870	11157
11910	11122
11927	11166
11900	11203
11961	11142
11996	11109
11951	11090
11962	11208
11929	11249
11915	11291
11961	11314
11978	11263
11990	11354
11960	11394
11922	11354
11890	11399
11841	11408
11839	11355
11867	11319
11791	11310
11823	11274
11811	11220
11762	11239
11724	11125
11769	11168
11719	11183
11666	11182
11618	11142
11671	11105
11634	10947
11675	10921
11747	10900
11705	10876
11752	10842
11795	10858
11845	10873
11847	10821
11799	10802
11752	10784
11902	10900
11946	10772
11923	10815
11892	10847
11835	10764
11883	10777
11873	10727
11829	10706
11893	10622
11884	10578
11869	10531
11825	10510
11835	10564
11840	10610
11773	10621
11739	10590
11662	10529
11689	10576
11696	10625
11733	10672
11780	10686
11815	10656
11864	10665
11906	10682
11926	10731
11968	10714
11954	10662
11987	10631
11912	10401
11879	10375
11902	10332
11948	10320
11724	10365
11668	10367
11684	10423
11628	10413
11570	10398
11528	10364
11483	10368
11444	10401
11386	10420
11401	10356
11394	10296
11336	10298
11330	10361
11323	10417
11273	10395
11260	10331
11141	10380
11188	10337
11198	10278
11123	10298
11264	9891
11260	9833
11218	9804
11238	9740
11319	9814
11290	9761
11204	9598
11166	9542
11100	9562
11036	9548
10980	9509
10914	9536
10564	9441
10637	9450
10719	9390
10753	9338
10706	9299
10645	9273
10618	9210
10577	9158
10481	9060
10548	9033
10566	9090
10513	9133
10445	9127
10397	9092
10322	9088
10333	9156
10350	8885
10330	8828
10371	8759
10434	8714
10434	8772
10411	8821
10416	8885
10478	8870
11928	9652
11959	9625
11931	9594
11888	9591
11880	9637
11896	9680
11934	9705
11972	9721
11832	9778
11911	9465
11903	9508
11898	9547
11948	9551
11982	9525
11985	9480
11945	9499
11990	9584
11968	9672
11865	9697
11834	9673
11790	9678
11765	9638
11807	9622
11844	9623
11743	9692
11704	9704
11709	9658
11691	9619
11735	9608
11834	9573
11856	9537
11860	9495
11860	9449
11901	9427
11920	9396
11934	9356
11965	9318
11968	9390
11997	9430
11953	9441
11810	9500
11799	9542
11780	9584
11749	9553
11919	9893
11894	9931
11859	9963
11915	9977
11976	9903
11996	9861
11985	9817
11936	9804
11889	9787
11855	9820
11809	9832
11804	9880
11816	9943
11846	9911
11867	9872
11903	9843
11951	9859
11974	9770
11932	9756
11897	9737
11855	9744
11822	9728
11783	9729
11744	9745
11723	9793
11776	9786
11767	9920
11769	9973
11782	10154
11807	10113
11847	10149
11862	10099
11820	10064
11858	10042
11884	10002
11975	10103
11962	10060
11989	10026
11996	9951
11947	9942
11964	9986
11936	10019
11910	10055
11922	10104
11979	8473
11994	8515
11995	8557
11959	8588
11992	8682
11961	8642
11740	8494
11736	8450
11460	8395
11422	8264
11377	8254
11353	8224
11325	8261
11285	8250
11230	8248
11199	8226
10783	8409
10764	8363
10751	8318
10715	8302
10694	8257
10650	8245
10664	8201
10625	8160
10627	8107
10620	8062
10575	8048
10583	8000
10630	8015
10662	8046
10681	8088
10720	8119
10716	8214
10718	8171
10674	8143
10471	8346
10530	8337
10535	8287
10557	8243
10540	8190
10386	8160
10436	8167
10439	8118
10387	8104
10424	8066
10405	8019
10361	8042
10322	8064
10308	8012
10267	8044
10216	8029
10165	8033
10109	8038
10140	8080
10184	8093
10228	8084
10219	8137
10183	8164
10144	8131
10099	8163
10140	8190
10196	8208
10247	8197
10290	8203
10347	8215
10333	8170
10335	8120
10279	8099
10274	8149
10414	8380
10413	8326
10417	8275
10361	8281
10308	8251
10267	8269
10224	8249
10210	8298
10165	8333
10134	8290
10171	8253
10090	8107
10064	8067
10016	8094
10045	8158
10012	8256
9988	8307
10045	8309
10081	8267
10121	8613
10150	8673
10231	8691
10274	8648
10332	8625
10307	8572
10250	8574
10210	8622
10167	8738
10229	8754
10238	8807
10270	8878
10242	8941
10206	9002
10201	9085
10261	9079
10239	9166
10152	9169
10053	9022
9990	8963
10105	8854
10150	8802
10196	8859
10157	8918
10361	9023
10430	9005
10497	8986
10536	8920
10570	8976
10631	8978
10682	9020
10616	9046
10678	9078
10639	9125
10094	8746
10022	8709
9993	8645
9861	8591
9839	8524
9782	8479
9714	8426
9733	8370
9788	8341
9760	8292
9820	8280
9873	8255
9835	8211
9893	8196
9942	8173
9936	8276
9885	8315
9845	8355
9892	8395
10004	8436
9961	8399
9940	8346
9918	8527
9932	8596
9793	8594
9740	8567
9712	8502
9656	8564
9627	8488
9555	8453
9502	8383
9539	8319
9584	8369
9643	8415
9662	8351
9696	8303
9705	8248
9772	8232
9849	8155
9791	8169
9741	8182
9711	8135
9680	8186
9624	8184
9580	8191
9526	8193
9578	8134
9594	8078
9562	8036
9625	8018
9648	8070
9695	8081
9741	8076
9644	8129
9694	8025
9748	8024
9799	8049
9849	8029
9898	8005
9915	8044
9911	8086
9900	8132
9948	8230
9991	8198
10038	8213
10084	8208
10128	8238
9859	8075
9819	8108
9771	8115
9571	9795
9639	9823
9710	9845
9658	9902
9581	9884
9588	9971
9514	10024
9418	9986
9328	10047
9257	10068
9238	10144
9175	10101
9113	10075
9077	10139
9018	10143
9038	10081
9111	9964
9070	10018
9019	9968
8981	10029
8964	10102
8907	10146
8804	10197
8777	10240
8929	10503
8902	10455
8848	10453
8872	10514
8858	10579
8916	10577
8965	10546
8995	10595
8923	10641
8938	10708
8598	10831
8296	10845
8395	10972
8343	11112
8415	11213
8408	11373
8543	11373
8526	11260
8601	11199
8657	11327
8709	11435
8630	11475
8651	11571
8516	11505
8624	11064
8736	11034
8724	11129
8729	11227
8748	11335
8839	11357
8917	11399
8966	11472
8982	11565
8964	11651
9064	11677
9171	11632
9089	11574
9075	11467
9025	11364
8945	11295
9175	11280
9144	11377
9255	11393
9290	11472
9392	11481
9379	11606
9437	11705
9590	11711
9487	11580
9530	11445
9646	11364
9777	11321
9776	11451
9844	11562
9745	11657
9652	11540
6043	12602
6050	12645
6065	12686
6021	12686
6027	12738
6030	12791
6035	12839
6045	12889
6019	12934
6016	12981
6008	13022
6108	12977
6136	13020
6154	12983
6199	12971
6243	12970
6266	13017
6251	13054
6278	13086
6247	13114
6219	13093
6207	13052
6222	13011
6147	12895
6081	12844
6077	12801
6072	12758
6095	12717
6124	12755
6145	12706
6116	12664
6098	12623
7101	13021
7041	13023
7071	13085
7135	13084
7193	13109
7252	13183
7329	13185
7359	13117
7408	13182
7484	13186
7642	13226
7699	13304
7610	13299
7631	13385
7540	13382
7545	13488
9200	14440
9030	14435
8853	14756
8761	14888
6327	15953
6245	15957
6149	15978
6074	15905
6178	15878
6233	15804
6306	15746
6419	15845
6379	15899
6444	15904
6469	15853
6562	15864
6735	15938
6699	15971
6662	15940
6742	15880
6696	15888
6647	15880
6606	15906
6559	15927
6511	15903
6521	15849
6515	15800
6455	15793
6417	15756
6383	15788
6326	15802
6282	15871
6418	15976
6471	15960
6519	15965
6558	15992
6651	15999
6612	15969
6627	15794
6676	15777
6456	14803
6498	14841
6452	14875
6492	14910
6553	14885
6566	14818
6587	14760
6544	14708
6633	14864
6710	14850
6676	14771
6654	14700
6668	14637
6714	14603
6804	14624
6904	14609
6869	14719
7105	15114
6901	15045
6927	14937
6787	14903
6841	14969
6758	15004
6806	15078
7030	15007
6990	15115
6899	15159
6806	15175
6732	15127
6688	15068
6666	15004
6690	14936
6607	14938
6615	15073
6642	15139
6695	15193
6862	15260
6773	15243
6758	15330
6753	15421
6493	15659
6501	15610
6552	15615
6601	15640
6626	15689
6638	15738
6692	15723
6682	15671
6712	15618
6657	15616
6647	15564
6591	15572
6522	15558
6569	15516
6625	15514
6691	15479
6627	15452
6573	15458
6539	15415
6566	15360
6604	15388
6676	15403
6660	15340
6682	15280
6625	15227
6577	15176
6513	15182
6600	15298
6556	15246
6539	15303
6482	15307
6495	15254
6357	15398
6507	15356
6472	15405
6489	15459
6523	15491
6425	15490
6430	15445
6410	15397
6442	15353
6427	15309
6368	15308
6378	15349
6315	15340
6272	15315
6270	15274
6330	15285
6156	15012
6115	15041
6139	15090
6204	15099
6179	15058
6208	15022
6204	14978
6103	14988
6090	14938
6097	14886
6056	14865
6038	14914
6101	14631
6142	14616
6168	14569
6247	14521
6376	14615
6333	14635
6309	14670
6226	14646
6274	14644
6253	14606
6225	14574
6196	14607
6137	14667
6178	14655
6203	14691
6211	14732
6174	14762
6127	14779
6115	14729
6158	14712
6068	14722
6081	14681
6052	14648
6018	14700
6014	14764
6076	14770
6058	14813
6014	14830
6114	14821
6143	14857
6144	14908
6151	14955
6206	14924
6244	14942
6285	14913
6294	14965
6164	15140
6202	15170
6247	15137
6303	15126
6406	15204
6462	15210
6444	15259
6392	15259
6348	15221
6303	15229
6307	15176
6354	15164
6403	15147
6455	15156
6506	15119
6566	15112
6527	15049
6584	15008
6539	14962
6482	14984
6441	14938
6383	14957
6354	14999
6365	15047
6351	15103
6305	15015
6044	14970
6003	15004
6054	15030
6013	15070
6030	15123
6076	15089
6216	15419
6267	15429
6309	15396
6313	15457
6372	15451
6405	15548
6319	15627
6327	15683
6357	15732
6391	15698
6434	15673
6447	15627
6456	15575
6467	15524
6699	15542
6761	15576
6789	15635
6725	15780
6762	15751
6815	15784
6955	15864
6682	14377
6499	14313
6445	14323
6197	14530
6178	14487
6141	14524
6111	14491
6130	14445
6119	14576
6067	14582
6076	14535
6275	14558
6297	14597
6336	14574
6385	14557
6398	14501
6440	14528
6480	14488
6510	14528
6470	14571
6437	14604
6428	14647
6418	14703
6460	14738
6410	14759
6398	14809
6401	14853
6337	14941
6388	14906
6339	14887
6349	14838
6352	14789
6308	14766
6267	14749
6258	14696
6221	14781
6255	14815
6304	14810
6293	14859
6244	14878
6188	14883
6206	14839
6167	14813
6144	13612
6239	13644
6220	13684
6184	13689
6286	13672
6266	13706
6271	13748
6318	13724
8747	13183
8823	13239
8932	13238
8904	13165
8958	13096
8950	13037
8908	12988
8835	13008
8810	13103
8682	13096
8743	13034
8678	12975
8769	12946
8855	12933
9028	13057
9091	13069
9046	13129
8988	13158
9029	13213
9059	13284
9140	13282
9100	13359
9074	13440
9007	13387
8931	13591
9018	13520
8914	13459
8982	13288
9097	13192
9125	13134
9198	13142
9173	13201
9355	13470
9437	13417
9462	13498
9390	13574
9337	13686
9450	13685
9510	13589
9592	13672
9902	13053
9942	13128
9870	13138
10012	13103
10025	13250
9946	13289
9861	13289
9828	13358
9763	13288
9726	13205
9813	13212
9908	13207
9980	13187
10047	13177
10100	13133
10108	13060
10600	12934
10623	12971
10666	12993
10638	13028
10587	13017
10560	12970
10648	12908
10612	12875
10553	12873
10524	12830
10535	12778
10485	12790
10462	12745
10435	12787
10387	12780
10389	12659
10406	12737
10424	12695
10451	12652
10423	12614
10470	12595
10443	12534
10376	12533
10372	12467
10391	12399
10438	12339
10490	12389
10459	12457
10517	12506
10537	12569
10512	12736
10617	12724
10827	12718
10778	12712
10729	12716
10714	12761
10725	12813
10740	12860
10777	12824
10808	12857
10773	12898
10740	12935
10707	12899
10681	12856
10637	12827
10674	12792
10661	12752
10673	12704
10320	12852
10279	12873
10320	12911
10355	12980
10522	13131
10571	13131
10638	13124
10625	13653
10574	13579
10644	13529
10686	13477
10769	13489
10725	13591
10810	13673
10846	13757
10950	13785
11274	13801
11225	13742
11140	13709
11115	13611
11027	13681
11004	13583
10917	13575
10918	13675
10822	13579
10871	13500
10837	13427
11032	13453
11066	13517
11137	13523
11124	13450
11093	13397
10970	13505
10936	13442
10901	13378
10966	13359
11024	13389
11062	13339
11081	13280
11087	13218
11046	13176
10999	13137
11011	12530
10999	12446
10930	12520
10914	12447
10907	12374
10857	12304
10813	12093
10719	12118
10771	12221
10903	12195
10960	12276
11007	12348
11078	12392
11095	12478
11189	12409
11308	12395
11362	12313
11317	12216
11300	12105
11413	12146
11513	11929
11589	11921
11625	11997
11670	12055
11734	12047
11790	11999
11847	12018
11812	12068
11799	12127
11855	12126
11827	12189
11751	12196
9912	11375
9948	11233
9472	11026
9282	10957
9323	11052
9399	11116
11967	8850
11976	8893
11932	8884
11940	8928
11936	8976
11919	9013
11955	9023
11999	9023
11973	9067
11976	8977
11897	8948
11879	8991
11847	8864
11833	8826
11827	8783
11861	8753
11906	8722
11908	8771
11947	8755
11974	8795
11927	8819
11877	8809
11798	8854
11781	8810
11597	8686
11557	8654
11489	8573
11546	8501
11538	8546
11569	8580
11529	8602
11503	8635
11416	8665
11372	8685
11373	8638
11408	8612
11453	8592
11457	8635
11466	8680
11516	8685
11518	8766
11506	8729
11462	8724
11430	8757
11412	8716
11470	8775
11409	8784
11369	8793
11454	8823
11485	8862
11506	8819
11550	8842
11522	8885
11487	8921
11441	8934
11435	8879
11337	8902
11388	8912
11362	8949
11366	8993
11436	9094
11466	9045
11501	9089
11519	9024
11525	10009
11575	9983
11626	10004
11586	10039
11628	10082
11671	10122
11651	10174
11694	10209
11722	10163
11730	10119
11763	10081
11823	10000
11786	10028
11738	10027
11688	10020
11692	10067
11665	9959
11621	9943
11596	9902
11612	9857
11664	9892
11656	9839
11661	9794
11685	9753
11657	9708
11626	9746
11603	9796
11564	9826
11541	9872
11545	9783
11492	9781
11495	9836
11464	8233
11408	8216
11288	8162
11251	8151
11276	8074
11256	8113
11226	8093
11225	8047
11264	8030
11186	8009
11144	8029
11106	8005
11079	8040
11112	8057
11142	8076
11182	8061
11098	8105
11062	8079
11027	8103
11060	8132
11027	8163
10987	8134
10943	8137
10905	8153
10872	8190
10861	8134
10817	8107
10850	8073
10888	8053
10918	8034
10959	8034
10995	8008
10820	8163
10823	8211
10802	8248
10794	8294
10809	8343
10859	8337
10851	8294
10839	8390
10801	8472
10844	8445
10868	8487
10819	8522
10867	8540
10890	8588
10851	8629
10826	8582
10917	8526
10714	8626
10643	8630
10624	8581
10633	8533
10677	8521
10717	8545
10685	8583
10685	8679
10699	8833
10641	8834
10658	8890
10605	8922
10587	8866
10533	8853
10492	8804
10574	8806
10539	8768
10493	8737
10541	8699
10585	8665
10624	8691
10653	8729
10628	8781
10585	8737
10690	8774
10724	8727
10744	8670
11004	8483
10985	8430
10910	8307
10870	8251
10920	8250
10954	8285
10976	8321
11027	8331
11069	8304
11051	8261
11005	8273
10969	8236
11019	8219
10988	8375
10942	8366
10898	8364
10888	8413
10934	8421
10911	8466
10954	8473
10843	8684
10890	8692
10890	8742
10831	8748
10782	8713
10796	8665
10786	8615
10751	8592
10776	8546
10755	8495
10739	8444
10698	8471
10641	8468
10601	8492
10547	8496
10576	8549
10573	8614
10523	8642
10518	8590
10519	8533
10521	8447
10532	8394
10473	8399
10456	8446
10387	8435
10410	8482
10347	8490
10296	8504
10227	8511
10167	8502
10170	8566
10070	8662
10026	8789
9951	8807
9582	8784
9502	8808
9431	8836
9372	8788
9421	8735
9455	8925
9373	9744
9327	9798
9293	10481
9380	10521
9633	10519
9467	10426
9491	10221
9406	10172
9395	10267
9374	10335
9369	10423
9295	10383
9284	10299
9181	10425
9180	10364
9197	10310
9241	10356
9252	10420
9221	10478
9169	10491
9124	10458
9116	10515
9151	10559
9165	10607
9012	9756
8954	9777
8885	9779
8857	9988
8877	9916
8930	9954
8970	9904
8918	9851
8842	9848
8774	9874
8710	9862
8660	9918
8726	9939
8808	9930
8783	9998
8834	10046
8919	10020
8902	10070
8860	10104
8837	10150
8868	10196
8840	10242
8888	10255
8938	10275
8981	10308
9000	10350
9041	10383
9082	10351
9135	10322
9085	10294
9109	10243
9074	10205
9181	10024
8725	10415
8712	10363
8670	10331
8618	10304
8572	10341
8617	10367
8667	10397
8770	10390
8821	10398
8816	10346
8867	10358
8877	10408
8920	10393
8940	10347
8902	10318
8851	10303
8814	10283
8768	10289
8761	10336
8721	10297
8681	10275
8721	10239
8741	10197
8645	10254
8600	10222
8567	10167
8579	10115
8523	10125
8499	10192
8540	10228
8560	10283
8432	10299
8490	10272
8456	10231
8402	10236
8423	10181
8461	10144
8463	10087
8408	10108
8334	10094
8299	10032
8269	9950
7704	9328
7796	9281
7815	9381
7889	9430
7996	9418
8026	9539
8083	9444
8190	9407
8218	9286
8121	9334
8026	9313
7989	9220
7906	9296
7774	9173
7756	9084
7668	9061
7669	8986
7638	8912
7712	8911
7775	8848
7823	8893
7768	8984
7848	9091
7754	9530
7780	9609
7798	9677
7578	9938
7488	9933
7403	9921
7299	9939
7300	9854
7374	9844
7444	9821
7523	9816
7600	9853
7608	9766
7613	9693
7782	9991
7907	10014
7973	9901
7862	9884
7759	9882
7674	9911
7657	10014
7709	10094
7587	10149
7476	10148
7494	10242
7371	10201
7366	10096
7360	10005
7452	10039
7550	10045
7186	9652
7118	9679
7167	9736
7091	9759
7054	9812
6993	9873
6965	9798
6911	9852
6881	9778
6820	9811
6757	9791
6855	9873
6739	9844
6687	9846
6647	9818
6606	9787
6734	9606
6685	9623
6661	9664
6710	9677
6716	9732
6662	9728
6650	9767
6699	9787
6669	9896
6636	9867
6599	9841
6563	9817
6522	9794
6503	9758
6492	9706
6374	9700
6017	8657
6063	8677
6108	8693
6115	8734
6054	8725
6111	8641
6142	8609
6103	8589
6148	8559
6188	8529
6168	8478
6133	8503
6144	8403
6129	8455
6045	8427
6001	8441
6105	8321
6081	8290
6059	8251
6090	8219
6108	8258
6138	8221
6177	8220
6161	8181
6114	8178
6094	8147
6061	8128
6047	8083
6011	8135
6269	8035
6227	8038
6182	8044
6142	8010
6133	8049
6011	8268
6038	8304
6061	8340
6057	8381
6013	8394
6011	8352
6032	8220
6003	8195
6032	8166
6065	8184
6142	8138
6184	8125
6209	8158
6218	8200
6252	8230
6207	8248
6240	8285
6286	8267
6329	8253
6333	8213
6376	8219
6375	8261
6370	8308
6321	8303
6279	8311
6262	8344
6300	8364
6588	8146
6622	8174
6621	8217
6665	8152
6639	8120
6604	8089
6562	8106
6540	8064
6519	8030
6486	8064
6512	8103
6411	8016
6376	8055
6326	8045
6357	8006
6325	8137
6306	8176
6288	8217
6259	8167
6357	8173
6391	8157
6418	8124
6409	8086
6368	8110
6330	8094
6294	8077
6282	8120
6240	8120
6248	8076
6207	8085
6159	8088
6111	8096
6085	8055
6066	8009
6033	8034
7123	9087
7080	9056
7089	9008
7075	8967
7030	8988
7029	8943
7036	8891
7004	8856
6989	8905
6950	8876
6961	8823
6920	8811
6875	8778
6874	8819
6830	8801
6835	8848
7010	8807
7050	8823
7095	8825
7124	8794
7241	8358
7240	8314
7224	8273
7165	8210
7127	8240
7163	8260
7197	8239
7219	8204
7247	8165
7278	8126
7387	8038
7352	8002
7341	8055
7313	8092
7282	8059
7300	8015
7244	8020
7203	8033
7191	8077
7165	8110
7113	8127
7089	8169
7120	8196
7149	8160
7194	8156
7223	8123
7244	8081
7108	8014
7152	8049
7116	8074
7070	8044
7027	8057
7045	8192
7004	8209
6975	8244
6948	8276
6932	8230
6918	8193
6961	8184
6999	8159
6962	8132
7006	8108
7047	8140
7065	8100
6872	8007
6927	8003
7487	8458
7542	8531
7582	8493
7597	8538
7571	8575
7594	8620
7527	8604
7552	8650
7589	8690
7580	8750
7671	8845
7640	8794
7670	8736
7733	8779
7882	8723
7876	8642
7867	8556
7807	8577
7751	8579
7694	8596
7645	8577
7682	8539
7785	8501
7732	8501
7679	8478
7635	8503
7628	8447
7677	8425
7729	8436
7776	8439
7444	8483
7426	8442
7374	8431
7332	8409
7330	8357
7367	8327
7378	8371
7409	8396
7446	8365
7409	8338
7440	8311
7405	8285
7364	8274
7328	8294
7286	8277
7257	8245
7182	8304
7190	8347
7158	8376
7199	8399
7194	8453
7199	8494
7198	8536
7426	8615
7423	8568
7414	8524
7461	8532
7502	8503
7506	8561
7471	8590
7478	8699
7523	8690
7484	8644
7438	8669
7392	8688
7380	8640
7327	8627
7283	8653
7296	8703
7339	8682
7310	8749
7354	8732
7396	8751
7438	8727
7502	8761
7452	8790
7462	8897
7464	8965
7498	9084
7524	9006
7583	8972
7539	8911
7590	8864
7554	8821
7493	8838
7379	8891
7389	8949
7342	8844
7306	8887
7272	8843
7285	8795
7332	8792
7380	8803
7419	8840
7193	8932
7188	8993
7244	8994
7288	9013
7351	8997
7402	9013
7456	9039
7412	9091
7347	9064
7366	9146
7411	9202
7465	9159
7503	9220
7491	9294
7410	9278
7335	9312
6396	10543
6351	10546
6327	10506
6259	10582
6298	10552
6313	10592
6346	10621
6377	10591
6488	10804
6455	10843
6489	10891
6433	10903
6375	10898
6359	10938
6322	10964
6302	10994
6175	11217
6208	11250
6248	11279
6203	11301
6195	11348
6153	11345
6145	11388
6100	11373
6056	11395
6008	11395
6032	11355
6070	11335
6113	11322
6149	11298
6167	11263
6129	11236
6129	11189
6106	11140
6151	11139
6182	11168
6194	11112
6549	11116
6591	11171
6582	11240
6609	11314
6525	11299
6507	11207
6442	11199
6458	11259
6470	11337
6483	11396
6561	11380
6373	11428
6324	11455
6271	11448
6266	11403
6295	11355
6295	11305
6413	11324
6415	11383
6801	11139
6682	11129
6644	11068
6548	10937
6554	11055
6582	10995
6664	10987
6752	11022
6797	10905
6709	10904
6689	10830
6630	10790
6624	10710
6572	10673
6521	10643
6490	10599
6494	10538
6453	10565
6435	10516
6474	10487
6384	10489
6426	10457
6673	10653
6696	10742
6622	10895
6549	10871
6566	10809
6559	10742
6488	10743
6439	10749
6387	10741
6340	10718
6297	10635
6294	10689
6338	10667
6380	10686
6429	10690
6488	10689
6461	10646
6429	10610
6392	10641
6217	10806
6256	10819
6273	10779
6282	10734
6245	10706
6254	10660
6240	10624
6213	10587
6200	10547
6209	10502
6205	10463
6194	10418
6232	10414
6233	10373
6273	10376
6245	10534
6276	10503
6247	10468
6297	10462
6269	10425
6316	10418
6345	10455
6386	10432
6353	10396
6396	10386
6399	10340
6434	10306
6449	10249
6153	9772
6111	9771
6119	9816
6132	9869
6095	9885
6061	9888
6028	9905
6020	9867
6003	9818
6041	9828
6080	9844
6073	9800
6069	9755
6046	9723
6051	9680
6005	9674
6003	9713
6005	9753
6031	9778
6071	9625
6030	9636
6004	9601
6149	9522
6117	9494
6110	9458
6071	9459
6064	9500
6090	9532
6122	9558
6113	9604
6146	9636
6189	9613
6155	9588
6176	9553
6215	9540
6220	9583
6268	9546
6272	9593
6320	9612
6321	9662
6361	9652
6381	9615
6409	9659
6448	9624
6461	9669
6436	9706
6453	9749
6414	9779
6396	9739
6356	9753
6369	9798
6367	9852
6323	9865
6322	9820
6317	9775
6276	9801
6241	9776
6278	9745
6319	9720
6277	9695
6234	9676
6230	9630
6275	9641
6416	9583
6462	9573
6444	9534
6498	9533
6476	9497
6487	9459
6531	9450
6508	9414
6530	9382
6490	9340
6471	9377
6433	9350
6410	9402
6457	9411
6439	9453
6413	9492
6398	9532
6357	9529
6318	9515
6317	9562
6535	9338
6516	9289
6478	9268
6506	9237
6419	9205
6462	9215
6458	9170
6386	9110
6287	9202
6300	9246
6338	9227
6370	9202
6387	9247
6434	9258
6452	9305
6400	9298
6330	9354
6262	9454
6233	9425
6191	9407
6200	9455
6157	9460
6144	9417
6115	9385
6082	9415
6150	9365
6281	9345
6303	9303
6263	9276
6239	9234
6214	9275
6233	9319
6341	9272
6353	9313
6385	9350
6363	9396
6386	9445
6357	9482
6276	9501
6232	9499
6188	9501
6368	9572
6508	9591
6496	9641
6524	9675
6571	9686
6540	9723
6561	9765
6598	9733
6629	9693
6607	9653
6596	9614
6639	9597
6601	9565
6639	9537
6678	9511
6684	9567
6732	9545
6783	9545
6788	9592
6867	9585
6771	9650
6823	9641
6887	9651
6769	9699
6782	9746
6848	9712
6926	9704
6988	9732
7037	9688
7022	9623
7098	9609
7173	9569
7098	9536
7027	9548
7047	9473
7092	9411
7063	9356
7125	9342
7193	9318
7116	9275
7087	9228
7053	9180
7008	9143
6990	9083
6939	9094
6900	9075
6863	9091
6897	9129
6871	9159
6831	9184
6793	9221
6757	9242
6747	9180
6788	9167
6777	9128
6829	9132
6818	9086
6829	9035
6845	8984
6788	9036
6772	9078
6729	9098
6723	9139
6754	8955
6784	8930
6827	8937
6876	8940
6809	8888
6786	8853
6787	8814
6745	8800
6746	8844
6717	8868
6688	8887
6649	8885
6608	8901
6623	8936
6585	8956
6549	8960
6506	8965
6471	8987
6442	9017
6398	9003
6113	9328
6084	9360
6047	9346
6004	9357
6299	8837
6314	8788
6308	8742
6366	8753
6346	8716
6326	8682
6359	8649
6318	8631
6331	8584
6369	8599
6419	8586
6599	8530
6554	8526
6575	8493
6570	8453
6526	8440
6517	8397
6481	8388
6448	8363
6461	8326
6412	8291
6410	8334
6390	8375
6355	8352
6334	8396
6359	8432
6316	8449
6088	8497
6103	8541
6061	8571
6019	8599
6060	8625
6150	8675
6189	8701
6234	8703
6225	8660
6204	8747
6157	8741
6161	8789
6536	8831
6501	8801
6495	8762
6533	8750
6519	8711
6564	8701
6605	8710
6634	8742
6615	8778
6677	8710
6643	8689
6652	8649
6648	8613
6666	8573
6624	8574
6581	8569
6601	8612
6554	8607
6531	8567
6501	8529
6477	8571
6444	8544
6451	8505
6483	8483
6529	8486
6440	8405
6401	8414
6398	8453
6363	8479
6406	8500
6438	8457
6483	8433
6602	8376
6605	8330
6642	8309
6686	8301
6682	8343
6643	8361
6644	8403
6683	8389
6721	8373
6673	8432
6703	8454
6701	8491
6661	8479
6623	8456
6621	8493
6644	8526
6679	8529
6738	8515
6716	8547
6745	8573
6747	8610
6777	8638
6815	8625
6854	8636
6874	8670
6812	8749
6794	8711
6766	8679
6815	8669
6839	8707
6856	8745
6881	8712
6909	8739
6939	8772
6987	8766
7022	8739
7065	8768
7064	8713
7035	8681
6997	8662
6958	8668
6994	8700
6959	8725
6919	8686
6899	8520
6906	8478
6945	8490
6936	8450
6972	8417
6961	8371
6919	8358
6879	8344
6888	8389
6853	8416
6848	8374
6814	8355
6831	8314
6834	8445
6864	8473
6890	8437
6928	8412
6984	8458
7023	8474
7028	8427
7009	8384
7070	8458
7075	8497
7092	8530
6853	8137
6816	8170
6808	8124
6772	8100
6800	8062
6762	8156
6728	8120
6707	8160
6724	8201
6698	8244
6659	8257
6618	8263
6578	8245
6491	8247
6459	8279
6421	8254
6447	8224
6409	8197
6462	8107
6437	8058
6467	8020
6493	8199
6446	8171
6482	8152
6533	8157
6568	8195
6535	8222
6533	8265
6558	8362
6562	8407
6604	8420
6724	8419
6744	8472
6764	8434
6792	8462
6817	8491
6851	8513
6872	8224
6898	8262
6994	8288
7040	8293
7082	8313
7083	8267
7078	8225
7033	8245
7126	8289
7126	8337
7116	8387
7101	8432
7149	8423
7145	8466
7113	8488
7150	8513
7291	8329
7286	8380
7236	8421
7246	8467
7284	8434
7325	8461
7331	8510
7383	8480
7370	8536
7372	8590
7332	8567
7293	8551
7282	8601
7236	8628
7120	8644
7077	8668
7077	8619
7030	8623
6976	8623
6937	8604
6917	8644
6972	8576
7012	8575
7052	8565
7031	8520
6990	8515
6951	8531
6928	8562
6889	8562
6854	8553
6845	8589
6888	8611
6707	8588
6694	8624
6684	8665
6675	8753
6711	8775
6719	8734
6755	8721
6723	8695
6727	8651
6765	8760
6667	8932
6666	8980
6626	8976
6553	9002
6518	9011
6489	9033
6457	9075
6415	9065
6374	9049
6504	9082
6518	9146
6501	9185
6547	9191
6578	9160
6601	9108
6561	9120
6544	9092
6550	9049
6596	9054
6638	9071
6640	9023
6596	9005
6874	9028
6918	9030
6942	8991
6985	9000
6979	8954
6930	8938
6908	8900
6901	8856
6860	8889
6794	8980
6761	9007
6733	9044
6714	9000
6710	8957
6724	8917
6759	8896
6678	9026
6694	9062
6682	9105
6647	9119
6622	9152
6663	9165
6698	9178
6714	9214
6665	9213
6641	9243
6591	9228
6548	9232
6563	9276
6609	9280
6650	9288
6688	9309
6563	9418
6588	9458
6629	9488
6587	9511
6537	9498
6552	9548
6554	9594
6552	9636
6024	9945
6037	9980
6023	10013
6022	10054
6005	10127
6051	10140
6114	10196
6087	10230
6168	10269
6138	10230
6180	10217
6229	10209
6251	10157
6299	10159
6324	10182
6363	10194
6404	10217
6404	10263
6371	10296
6336	10314
6295	10323
6252	10336
6222	10306
6218	10266
6265	10287
6266	10245
6277	10200
6318	10226
6357	10244
6313	10274
6358	10348
6315	10368
6440	10361
6447	10406
6502	10378
6538	10331
6557	10382
6576	10431
6535	10464
6492	10431
6488	10332
6483	10286
6506	10248
6539	10283
6602	10265
6589	10307
6596	10353
6656	10331
6676	10276
6657	10230
6630	10181
6624	10132
6594	10083
6571	10118
6524	10121
6492	10154
6446	10141
6406	10166
6362	10148
6392	10117
6429	10092
6476	10093
6549	10232
6587	10210
6576	10164
6530	10186
6485	10209
6449	10190
6457	10049
7142	9838
7213	9803
7216	9896
7146	9945
7073	9905
7002	9938
6933	9932
6958	10009
6870	10008
6807	9997
6787	9939
6742	9981
6695	9945
6676	9990
6643	10032
6645	10080
6674	10114
6707	10145
6684	10186
6582	9885
6613	9915
6642	9950
6610	9985
6555	9984
6535	10021
6505	10056
6543	10076
6585	10037
6578	9944
6296	9943
6203	10042
6210	10088
6251	10061
6259	10099
6283	10122
6214	10132
6199	10172
6156	10168
6165	10119
6125	10114
6085	10103
6043	10095
6067	10063
6058	10025
6077	9989
6116	9989
6109	9954
6114	9914
6067	9939
6104	10031
6120	10065
6099	10155
6010	10214
6020	10176
6058	10189
6045	10242
6029	10293
6060	10391
6064	10436
6018	10448
6045	10478
6007	10500
6162	10490
6159	10533
6133	10558
6093	10546
6122	10509
6047	10526
6078	10495
6103	10468
6127	10443
6162	10448
6179	10382
6199	10348
6173	10317
6125	10314
6116	10271
6073	10279
6079	10318
6048	10347
6013	10332
6002	10371
6022	10400
6097	10359
6100	10406
6139	10399
6143	10357
6177	10767
6153	10730
6122	10749
6136	10790
7129	11253
7040	11342
6992	11477
6884	11431
6914	11306
6926	11208
7032	11184
7144	11413
7462	11631
7351	11559
7313	11666
7205	11675
7215	11537
7096	11571
7260	11971
7141	12002
7108	12132
7029	12173
7019	12088
6942	12006
6831	12047
7039	11873
7161	11831
7281	11824
7447	11876
7445	11763
7568	11783
7683	11748
7605	11632
7714	11536
7833	11531
7947	11538
8060	11650
8091	11547
8037	11442
8170	11404
7973	11156
7993	11284
7889	11339
7777	11386
9603	12483
9612	12378
9527	12366
9487	12291
9468	12200
9198	12138
9163	12066
9143	11994
9239	11998
9334	12032
9374	12268
9415	12361
9490	12443
9437	12484
9344	12522
9212	12582
9071	12618
9005	12617
9035	12663
9014	12711
9076	12715
9447	12785
9476	12636
9522	12553
9649	12610
9563	12659
9574	12734
9652	12713
9655	12787
9587	12803
9525	12784
9492	12723
9383	12591
9392	12658
9420	12719
9270	12762
9278	12700
9318	12658
9299	12599
9238	12643
9165	12638
9120	12580
9172	12532
9173	12456
9146	12382
9076	12407
9082	12335
9125	12290
9116	12137
9041	12140
8973	12148
8927	12106
8910	12023
8881	11949
8827	11996
8772	12035
8695	12024
8631	11980
8679	11917
8753	11934
8738	11831
8583	11913
8616	11828
8659	11755
7901	12440
7896	12516
7884	12584
7830	12552
7827	12619
7887	12652
7844	12685
7785	12667
7799	12737
7742	12721
7680	12713
7631	12724
7600	12773
7635	12826
7756	12784
7824	12797
7864	12854
7778	12858
7813	12908
7816	12961
7781	13013
7976	13003
7985	13082
8068	13061
8069	12965
8162	12984
8388	12752
8416	12372
8526	12411
8515	12275
8488	12172
8361	12215
8281	12378
8264	12502
8164	12441
8078	12421
7982	12395
7915	12359
7830	12374
7757	12337
7900	11943
7753	11866
7803	11662
7948	11659
8235	11562
8376	11580
8517	11630
8615	11669
8761	11729
8714	11652
8743	11534
8247	11268
8129	11266
8088	11179
8187	11135
8241	11003
8089	11041
8010	10937
8109	10859
8174	10775
8254	10685
8220	10574
8327	10585
8313	10488
8103	10402
8110	10322
8170	10362
8232	10351
8279	10290
8208	10272
8116	10226
8124	10114
8037	10012
8009	10118
7945	10208
8016	10321
8018	10420
8057	10488
7970	10497
7919	10430
7978	10592
7893	10549
7819	10532
7832	10631
7921	10685
7572	11461
7460	11479
7339	11424
7444	11336
7414	11208
7354	10867
7289	10766
6699	10042
6863	9939
6785	9875
6730	9898
7130	10038
7054	9995
7039	10067
6978	10086
6895	10070
6832	10062
6767	10051
6714	10090
6771	10120
6826	10137
7214	9995
7275	10059
7201	10107
7280	10164
7287	10259
7225	10312
7139	10493
7356	10539
7342	10388
7378	10294
7468	10361
7455	10476
7559	10518
7600	10418
7588	10278
7697	10331
7742	10205
7823	10120
7845	10321
7776	10432
7675	10539
7716	10634
7803	10862
7799	10743
7672	10755
7573	10639
7459	10600
7427	10733
7546	10761
7495	10875
7635	10861
7718	10948
7776	11112
7862	11177
7726	11239
7639	11331
7573	11212
7360	11020
7513	11112
7555	10994
7661	11063
7952	11044
7854	11008
7907	10877
7984	10788
8056	10690
8100	10573
8151	10485
8229	10457
8551	10409
8516	10571
8402	10489
8427	10564
8433	10648
8522	10670
8589	10628
8583	10555
8618	10496
8614	10431
8670	10455
8712	10475
8755	10495
8784	10447
8813	10494
8796	10541
8791	10595
8714	10620
8727	10565
8674	10523
8651	10584
8553	10488
8489	10503
8489	10433
8513	10375
8512	10325
8453	10364
8420	10420
8360	10407
8293	10413
8314	10349
8381	10338
8347	10279
8340	10215
8363	10157
8302	10152
8377	10023
8519	9842
8536	9776
8605	9755
8621	9832
8590	9902
8553	9952
8551	10018
8526	10066
8592	10048
8649	10048
8638	10115
8631	10169
8702	10153
8673	10205
9389	11366
9183	11507
9269	11577
9282	11676
9267	11786
9371	11807
9494	11855
9274	12103
9112	12211
9054	12239
8985	12216
8913	12209
8935	12273
9004	12293
9019	12357
9000	12419
8935	12420
8945	12347
8976	12549
8989	12488
8931	12502
8888	12539
8872	12459
8870	12394
8878	12322
8853	12248
8813	12342
8824	11888
8920	11881
8982	11831
9037	11892
9064	11793
9149	11793
9174	11720
9395	11940
9291	11903
9198	11887
9120	11895
9059	11983
9072	12065
8987	12051
8967	11961
8829	11783
8904	11779
8974	11739
8876	11687
8809	11620
8895	11588
8852	11517
8800	11444
8823	11153
8902	11211
8921	11126
8946	11045
8908	10960
8958	10866
8991	10943
9073	10930
9258	10876
9172	10939
9043	10827
9047	10717
8983	10768
8897	10797
8846	10736
8780	10781
8725	10706
8790	10670
8858	10648
8955	10450
8995	10491
9018	10443
8979	10399
9062	10487
9034	10550
9089	10566
9076	10635
9001	10661
8851	10870
8764	10875
8675	10869
8679	10787
8653	10684
8583	10723
8506	10780
8399	10740
8427	10854
8519	10902
8519	11012
8488	11111
8610	10948
8705	10953
8811	10967
8836	11053
8836	11259
9000	11198
9061	11268
9122	11178
9022	11107
9046	11030
9127	11012
9130	11089
9216	11036
9229	11119
9267	11184
9284	11290
9382	11231
9654	11207
9607	10983
9520	10927
9598	10840
9694	10750
9794	10824
9722	10918
9481	10776
9383	10706
9283	10694
9136	10685
9215	10788
9286	10768
9364	10816
9397	10915
9510	11297
9503	11180
9573	11098
9693	11079
9811	11176
9833	11051
9934	11092
10075	11136
9897	10933
9967	10838
9903	10741
9813	10673
9665	10626
9592	10685
9499	10625
9516	10505
9377	10611
9296	10620
9283	10558
9220	10551
9225	10637
9211	10710
9127	10766
9137	10854
9125	10395
9078	10426
9034	10311
9042	10258
8994	9679
9057	9699
9047	9637
9093	9603
9117	9669
9178	9683
9241	9691
9280	9640
9337	9606
9346	9669
9304	9716
9405	9822
9296	9867
9229	9864
9185	9927
9256	9970
9341	9966
9364	9899
9440	9896
9505	9941
9504	9860
9496	9797
9524	9741
9450	9750
9417	9681
9486	9681
9462	9627
9409	9605
9488	9567
9447	9524
9382	9547
9363	9484
9421	9419
9482	9451
9503	9376
9445	9314
9268	9376
9199	9348
9015	9461
8984	9398
9059	9407
9101	9464
9141	9410
9203	9435
8981	9512
8901	9583
8932	9635
8924	9709
8871	9665
8835	9708
8788	9669
8753	9727
8680	9696
8722	9644
8745	9517
8684	9510
8716	9575
8652	9562
8647	9629
8606	9675
8692	9777
8759	9805
8816	9769
8838	9607
8775	9601
8800	9554
8817	9497
8863	9535
8919	9515
8878	9460
8823	9405
8741	9437
8603	9510
8577	9574
8540	9619
8430	9509
8328	9518
8252	9542
8179	9513
8105	9533
8092	9611
8062	9686
8012	9623
7970	9688
7859	9784
7785	9775
7740	9715
7675	9708
7691	9803
7720	9644
7639	9630
7600	9568
7636	9279
7583	9064
7547	9132
7592	9190
7667	9141
7689	9217
7567	9295
7588	9368
7567	9458
7486	9461
7413	9453
7348	9493
7335	9572
7278	9525
7421	9362
7496	9384
7337	9398
7265	9433
7201	9487
7137	9468
7186	9400
7256	9356
7256	9279
7242	9205
7186	9253
7161	9200
7153	9140
7217	9134
7096	9166
7075	9117
7037	9090
7026	9040
6894	8981
6964	9046
6962	9140
6921	9174
6945	9237
6971	9194
7016	9219
7049	9283
6984	9284
6938	9298
6891	9323
6883	9266
6890	9212
6845	9227
6826	9268
6847	9307
6772	9350
6791	9396
6688	9417
6658	9455
6627	9424
6609	9389
6575	9367
6583	9322
6629	9338
6650	9380
6687	9361
6728	9336
6735	9391
6754	9439
6708	9465
6733	9500
6967	9620
6946	9561
6979	9499
6942	9453
6898	9508
6839	9515
6776	9494
6809	9455
6877	9447
6844	9411
6854	9361
6813	9346
6787	9294
6738	9285
6697	9255
6615	9195
6481	9124
6436	9123
6406	9157
6365	9158
6326	9177
6283	9148
6243	9177
6202	9201
6192	9149
6161	9109
6202	9093
6200	9046
6161	9015
6154	8966
6181	8930
6212	8895
6154	8890
6182	8846
6132	8838
6103	8877
6066	8912
6113	8932
6288	8985
6339	9078
6332	9123
6289	9099
6243	9122
6241	9071
6280	9050
6318	9032
6352	9006
6333	8964
6240	9007
6205	8979
6239	8944
6293	8932
6266	8890
6246	8845
6214	8803
6264	8795
6250	8755
6271	8723
6282	8683
6271	8641
6237	8611
6183	8640
6190	8600
6213	8564
6107	8781
6060	8776
6074	8826
6008	9007
6001	9053
6000	9106
6022	9148
6038	9193
6062	9239
6095	9204
6116	9240
6095	9276
6062	9303
6038	9395
6029	9435
6012	9471
6018	9513
6046	9546
6042	9586
6080	9573
6094	9663
6134	9682
6145	9727
6100	9722
6232	9727
6189	9665
6188	9709
6194	9752
6193	9798
6162	9833
6195	9852
6227	9875
6271	9858
6286	9892
6328	9915
6369	9901
6410	9880
6421	9925
6459	9893
6502	9898
6449	9845
6490	9839
6524	9848
6550	9872
6543	9916
6513	9942
6501	9977
6486	10012
6413	10032
6388	10060
6354	10083
6325	10122
6304	10075
6282	10033
6306	10008
6332	9977
6340	10032
6377	10002
6409	9972
6444	9995
6461	9954
6369	9950
6410	9828
6459	9799
6798	10291
6798	10222
6759	10186
6729	10245
6725	10325
6701	10388
6672	10464
6605	10477
6550	10518
6599	10541
6550	10585
6612	10612
6674	10556
6746	10536
6746	10461
6815	10438
6630	10398
6773	10381
6835	10508
6806	10586
6744	10624
6779	10707
6783	10807
6866	10770
6955	10705
7039	10680
7003	10575
7012	10485
7071	10391
7147	10383
7238	10417
7260	10510
7312	10648
7214	10601
7162	10692
7095	10579
7110	10287
7027	10291
7058	10202
7098	10128
7177	10204
6862	10197
6913	10147
6988	10163
6942	10240
6876	10278
6942	10329
6973	10398
6849	10359
6891	10418
6916	10489
6901	10579
6861	10669
6884	10876
6972	10827
7066	10793
7171	10815
7233	10942
7121	10938
7010	10932
7052	11051
7160	11070
7261	11148
7278	11274
7873	11783
7978	11818
8071	11784
8139	11872
8254	11891
8357	11902
8369	12033
8280	12089
8196	12011
8158	12112
8224	12237
8163	12336
8104	12234
8052	12322
7958	12286
7983	12209
7777	12150
7863	12193
7864	12272
7760	12250
7677	12266
7674	12348
7733	12430
7823	12475
7772	12522
7774	12591
7653	12595
7610	12626
6944	12776
6884	12776
6651	12290
6566	12298
6643	12433
6616	12364
6539	12405
6562	12474
6503	12533
6552	12552
6592	12603
6626	12639
6468	12612
6498	12662
6528	12615
6433	12667
6432	12787
6469	12769
6521	12769
6512	12820
6622	12746
6569	12756
6563	12812
6611	12808
6657	12786
6709	12764
6699	12812
6726	12852
6805	12891
6749	12897
6761	12994
6705	13020
6685	13083
6739	13071
6795	13061
6787	13128
6991	13077
6880	13157
6987	13383
7066	13419
7147	13366
6640	12576
6616	12521
6682	12523
6723	12455
6745	12518
6724	12567
6759	12614
6814	12643
6797	12575
6808	12519
6791	12454
6687	12618
6682	12668
6737	12666
6729	12720
6672	12725
6634	12695
6588	12703
6564	12659
6536	12711
6492	12721
6448	12715
6359	12843
6341	12886
6305	12904
6283	12867
6312	12831
6260	12818
6236	12856
6253	12897
6227	12927
6182	12928
6199	12885
6208	12819
6231	12668
6180	12663
6153	12630
6128	12587
6092	12572
6133	12535
6105	12498
6072	12535
6171	12572
6192	12526
6219	12493
6259	12484
6083	12459
6057	12423
6169	12142
6190	12098
6220	12059
6215	12010
6212	14383
6080	14446
6020	14434
6051	14485
6014	14524
6013	14572
6017	14624
6006	14274
6035	14225
6117	14264
6133	14318
6175	14279
6156	14229
6135	14188
6245	14183
6191	14183
6215	14137
6252	14116
6235	14074
6225	14025
6248	13983
6227	13938
6199	13973
6128	14015
6170	13999
6182	14043
6183	14087
6136	14072
6086	14090
6089	14044
6150	13956
6102	13959
6080	13998
6035	14002
6038	14042
6035	14088
6053	14133
6073	14178
6089	14219
6218	14231
6234	14278
6207	14326
6259	14337
6260	14390
6293	14428
6333	14457
6380	14452
6436	14445
6483	14426
6483	14373
6421	14391
6390	14342
6353	14363
6354	14409
6302	14371
6324	14318
6286	14279
6274	14230
6298	14190
6292	14138
6345	14137
6356	14190
6407	14145
6470	14180
6476	14110
6492	14051
6528	13999
6458	13986
6503	13927
6387	13882
6369	13829
6340	13924
6324	13866
6101	13636
6053	13623
6020	13592
6007	13629
6028	13663
6000	13692
6069	13662
6047	13705
6012	13731
6005	13771
6051	13755
6088	13737
6127	13739
6171	13733
6244	13786
6202	13774
6166	13782
6157	13826
6107	13832
6011	13838
6032	13803
6062	13833
6085	13784
6124	13795
6083	13871
6076	13914
6052	13959
6002	13964
6023	13924
6031	13883
6767	13482
6722	13411
6803	13397
6883	13453
6899	13345
6884	13256
6969	13280
7043	13227
7060	13311
7131	13264
7213	13266
7179	13193
7116	13171
7026	13151
6963	13136
6944	13207
6814	13213
6743	13194
6699	13154
6639	13172
6590	13229
6547	13172
6499	13120
6456	13084
6476	13193
6442	13150
6385	13174
6355	13211
6408	13226
6387	13268
6263	13253
6220	13267
6213	13354
6166	13377
6239	13496
6207	13530
6162	13549
6118	13553
6109	13593
6065	13572
6083	13526
6147	13465
6172	13501
6130	13512
6101	13476
6102	13440
6067	13412
6059	13315
6079	13366
6112	13384
6140	13416
6175	13430
6203	13465
6239	13440
6213	13405
6256	13385
6196	13124
6156	13136
6116	13111
6120	13066
6077	13094
6161	13095
6166	13055
6180	13017
6166	12847
6124	12855
6097	12890
6189	13167
6190	13200
6185	13239
6174	13278
6176	13322
6223	13313
6268	13347
6300	13321
6264	13302
6301	13278
6309	13229
6272	13210
6233	13208
6093	13236
6132	13245
6148	13214
6144	13178
6105	13191
6058	13212
6066	13176
6023	13182
6024	13244
6056	13262
6093	13278
6137	13293
6137	13343
6100	13325
6046	12487
6017	12452
6005	12351
6020	12394
6060	12379
6053	12337
6112	12407
6136	12450
6155	12493
6193	12456
6241	12431
6284	12441
6324	12401
6345	12351
6383	12392
6406	12339
6474	12321
6494	12258
6462	12400
6465	12475
6402	12451
6344	12456
6380	12505
6314	12502
6285	12591
6251	12619
6247	12542
6287	12539
6338	12555
6381	12567
6439	12550
6421	12616
6381	12637
6335	12612
6135	12179
6150	12222
6195	12235
6190	12187
6221	12149
6247	12120
6273	12085
6310	12046
6261	12027
6296	11982
6250	11964
6241	11917
6292	11927
6286	11882
6286	11832
6360	11923
6369	11850
6342	11782
6364	11725
6318	11695
6284	11655
6243	11682
6201	11724
6108	11826
6156	11800
6198	11775
6236	11771
6233	11817
6236	11865
6183	11836
6033	11679
6007	11641
6112	11730
6152	11747
6154	11701
6187	11669
6226	11638
6232	11592
6187	11600
6158	11565
6159	11631
6110	11615
6111	11573
6100	11533
6170	11432
6201	11397
6239	11366
6249	11327
6323	11218
6287	11251
6253	11223
6225	11199
6230	11149
6268	11126
6312	11119
6347	11086
6290	11076
6282	11030
6332	11039
6368	10994
6408	10957
6475	10956
6500	11009
6478	11067
6430	11010
6383	11044
6414	11085
6474	11138
6414	11146
6366	11130
6236	11095
6230	11048
6060	10964
6069	10928
6112	10951
6135	10989
6169	11028
6175	11070
6005	11226
6018	11266
6016	11087
6016	11040
6043	11008
6016	10978
6016	10933
6010	10896
6030	10856
6062	10891
6114	10901
6155	10889
6200	10906
6212	10945
6265	10947
6250	10904
6228	10764
6329	10767
6237	10857
6190	10859
6173	10818
6137	10844
6085	10856
6097	10818
6084	10778
6038	10765
6054	10808
6013	10817
6010	10737
6035	10709
6070	10736
6091	10703
6063	10670
6022	10665
6072	10626
6038	10617
6005	10588
6001	10543
6043	10572
6074	10581
6106	10594
6126	10686
6113	10649
6139	10620
6168	10586
6188	10626
6166	10661
6173	10694
6204	10721
6209	10666
6413	10796
6401	10845
6351	10858
6360	10806
6310	10820
6292	10859
6307	10907
6253	10987
6211	10996
6177	10977
6157	10941
6091	10999
6115	11044
6066	11052
6092	11094
6138	11092
6276	11175
6322	11169
6373	11187
6385	11231
6394	11275
6337	11268
6350	11317
6361	11366
6320	11398
6439	11446
6521	11472
6487	11555
6445	11504
6377	11489
6392	11542
6412	11604
6034	11437
6073	11438
6112	11428
6134	11465
6095	11487
6040	11481
6012	11515
6052	11529
6063	11579
6141	11516
6184	11474
6224	11444
6186	11517
6211	11549
6266	11551
6287	11599
6353	11641
6398	11679
6462	11705
6489	11780
6557	11706
6482	11633
6565	11617
6595	11538
6699	11501
6619	11457
6661	11395
6702	11311
6678	11213
6789	11271
6916	11099
6883	10987
7258	9615
7318	9675
7249	9714
7308	9785
7377	9735
7453	9729
7522	9709
7528	9546
7428	9547
7398	9638
7476	9634
7553	9631
7686	9575
7647	9510
7652	9423
7731	9442
7846	9525
7937	9536
7934	9624
7859	9621
7881	9693
7960	9771
8053	9789
8131	9773
8165	9684
8231	9771
8216	9881
8108	9910
8186	10016
8237	10106
8216	10197
8274	10223
8966	10176
8933	10214
8983	10242
9016	10207
9134	10165
9174	10208
9158	10268
9224	10247
9284	10223
9320	10161
9377	10098
9447	10066
9523	10121
9598	10075
9669	10091
9751	10068
9726	10174
9848	10055
9887	10122
9827	10194
9883	9835
9803	9824
9780	9889
9739	9770
9836	9744
9763	9688
9753	9609
9799	9556
9879	9565
9849	9652
9913	9727
9976	9762
10317	9834
10373	9915
10966	10146
11059	10057
11125	10021
11188	10044
11244	10029
11249	10095
11312	10121
11313	10051
11355	9999
11370	9937
11387	9878
11328	9878
11306	9927
11294	9986
11232	9952
11180	9980
11151	9926
11195	9875
11043	9846
10990	9675
10875	9749
10892	9828
10877	9914
10945	9887
10963	9820
10820	9819
10802	9891
10728	9879
10739	9803
10698	9752
10738	9674
10788	9734
10830	9672
10851	9598
10829	9522
10754	9532
10779	9605
10703	9603
10036	9578
9964	9514
9886	9486
9830	9424
9900	9338
9816	9337
9752	9390
9724	9330
9519	9271
9485	9210
9446	9075
9454	9003
9381	9038
9332	9093
9291	9019
9265	8930
9355	8954
9351	8878
9294	8818
9508	8729
9466	8663
9537	8625
9577	8563
9520	8523
9624	8303
9640	8242
9573	8257
9473	8168
9518	8132
9532	8085
9505	8036
9458	8019
9417	8048
9421	8105
9400	8167
9358	8216
9405	8279
9442	8228
9502	8255
9466	8308
9424	8377
9463	8457
9391	8530
9339	8588
9384	8652
9316	8706
9242	8746
9193	8683
9260	8635
9252	8564
9304	8514
9366	8446
9343	8377
9288	8427
9218	8459
9180	8515
9023	8539
9090	8588
9169	8597
9019	8636
9099	8680
9132	8757
9079	8815
9007	8853
8898	8808
8794	8818
8816	8730
8903	8690
8997	8743
8932	8577
8717	8376
8693	8283
8844	8051
8893	8008
8920	8068
8873	8120
8657	8183
8736	8192
8796	8272
8821	8366
9147	8330
9218	8295
9166	8248
9152	8172
9184	8115
9225	8069
9260	8016
9469	8086
8366	8022
8293	8036
8232	8157
8171	8166
8048	8140
8076	8091
8132	8074
8136	8030
8112	8134
7987	8130
7963	8166
8007	8176
8060	8198
8098	8185
8145	8235
8212	8234
7502	8039
7466	8067
7508	8087
7474	8120
7462	8174
7505	8172
7518	8133
7557	8106
7549	8159
7679	8284
7641	8268
7599	8255
7553	8252
7511	8253
7480	8221
7453	8259
7374	8223
7407	8245
7436	8210
7491	8290
7484	8332
7514	8354
7493	8381
7464	8412
7285	8495
7250	8522
7234	8569
7196	8598
7144	8601
7168	8565
7128	8556
7095	8584
7177	8642
7154	8684
7114	8700
7107	8747
7156	8744
7200	8723
7208	8680
7250	8683
7253	8737
7242	8782
7195	8777
7127	8862
7177	8875
7233	8880
7260	8931
7313	8952
7325	9230
7293	9155
7291	9088
7241	9061
7184	9071
7144	9032
7086	8920
7075	8874
7214	8827
7167	8818
7138	8911
7134	8965
6999	9342
6950	9371
6895	9383
7001	9409
6307	9468
6333	9439
6313	9402
6272	9402
6232	9371
6192	9357
6176	9310
6141	9291
6020	9302
6018	9255
6081	9156
6168	9241
6152	9194
6131	9158
6109	9106
6142	9062
6057	9106
6054	9058
6102	9040
6054	9006
6106	8988
6066	8959
6021	8960
6002	8918
6045	8869
6005	8855
6014	8810
6005	8755
6009	8549
6051	8525
6009	8495
6049	8471
6086	8447
6099	8409
6106	8368
6143	8361
6187	8372
6203	8403
6184	8440
6233	8436
6285	8421
6259	8388
6228	8364
6218	8328
6190	8295
6170	8333
6145	8300
6157	8262
6653	8069
6742	8064
6703	8066
6682	8104
9737	12121
9834	12137
9999	12118
10019	11993
9651	12169
9546	12144
9602	12045
9738	12008
9738	11822
9615	11894
9517	11968
9455	12065
9372	12148
9287	12195
9272	12269
9199	12227
9201	12310
9224	12379
9310	12361
9362	12433
9271	12445
9253	12512
9098	12507
9054	12469
8617	12515
8634	12428
8617	12318
8641	12238
8529	12064
8623	12086
8623	12166
8717	12198
8711	12123
8781	12118
8849	12083
8860	12162
8793	12199
8778	12267
8722	12300
8693	12374
8757	12383
8716	12449
8744	12506
8701	12552
8527	12539
8401	12487
8487	11958
8490	11846
8529	11754
8414	11743
8293	11742
8181	11724
8029	11917
8056	12014
8040	12124
7925	12093
7820	12049
7752	11991
7687	12091
7672	12188
7617	11908
7600	12027
7582	12121
7504	12114
7491	12020
7391	12001
7319	12092
7265	12168
7365	12177
7413	12112
7451	12188
7419	12265
7512	12256
7543	12195
7602	12230
7587	12292
7628	12406
7581	12364
7507	12333
7503	12419
7473	12506
7451	12553
7516	12563
7545	12516
7586	12557
7615	12498
7660	12535
7711	12508
7717	12566
7715	12623
7721	12670
7664	12658
7656	12775
7702	12767
7699	12822
7525	12871
7590	12886
7572	12825
7534	12790
7484	12788
7406	12737
7359	12748
7323	12731
7327	12691
7296	12779
7277	12726
7220	12722
7173	12719
7114	12713
7065	12733
7019	12710
6964	12711
6921	12659
6904	12713
6860	12674
6836	12716
6784	12699
6785	12838
6755	12799
6775	12752
6821	12781
6843	12826
6867	12883
6909	12838
7304	13266
7243	13363
7334	13364
7322	13462
7206	13489
7185	13599
7095	13530
6992	13486
6925	13574
6828	13582
6741	13601
6682	13537
6646	13455
6569	13463
6557	13397
6634	13375
6549	13303
6518	13240
6458	13277
6479	13337
6471	13411
6500	13457
6469	13507
6450	13640
6530	13611
6470	13573
6399	13590
6402	13535
6407	13478
6411	13427
6351	13435
6345	13268
6429	13369
6403	13323
6349	13326
6375	13378
6316	13377
6285	13422
6289	13473
6286	13523
6245	13556
6232	13594
6192	13582
6191	13631
6148	13656
6140	13696
6097	13696
6185	13916
6128	13914
6143	13872
6192	13864
6233	13891
6281	13887
6278	13934
6296	13977
6284	14022
6289	14080
6365	14085
6429	14068
6398	14020
6342	14041
6348	13984
6398	13953
6441	13914
6671	13987
6759	13989
6744	13910
6590	13951
6659	13894
6573	13848
6617	13777
6543	13760
6477	13777
6480	13842
6426	13822
6337	13609
6275	13619
6286	13577
6341	13555
6351	13503
6382	13652
6331	13667
6223	13735
6207	13819
6249	13839
6294	13832
6290	13787
6344	13778
6393	13770
6381	13718
6446	13717
6509	13686
6588	13683
6682	13719
6702	13799
6781	13806
6851	13889
6836	13964
6937	13956
7018	13928
7023	14424
6887	14401
6369	14673
6367	14733
6315	14714
6507	14766
6473	14682
6498	14634
6540	14587
6583	14529
6564	14469
6548	14413
6637	14443
6610	14386
6565	14350
6557	14285
6628	14289
6697	14300
6780	14340
6867	14306
6785	14241
6775	14161
6792	14066
6875	14094
6952	14056
7074	14040
7032	14134
7100	14221
6997	14312
6912	14204
6704	14082
6637	14111
6607	14037
6558	14074
6554	14142
6685	14205
6595	14209
6523	14221
6460	14258
6404	14224
6385	14290
6337	14247
6160	14133
6108	14131
6020	14165
6025	14323
6022	14372
6061	14400
6113	14394
6092	14353
6075	14309
6060	14267
6171	14358
6162	14406
6185	14444
6227	14427
6232	14473
6283	14480
6305	14522
6347	14514
6416	15004
6455	15041
6457	15095
6404	15081
6307	15067
6259	15085
6248	15041
6256	14997
6244	15365
6195	15347
6158	15394
6170	15465
6246	15482
6270	15532
6322	15516
6370	15505
6239	15686
6167	15722
6129	15794
6031	15803
6068	15716
6077	15640
6018	15573
6001	15500
6099	15408
6207	15533
6240	15589
6170	15613
6105	15555
6100	15482
6017	15418
6028	15347
6118	15341
6159	15285
6124	15248
6070	15277
6007	15268
6023	15183
6080	15186
6102	15141
6138	15194
6189	15222
6227	15247
6253	15200
6211	15293
6853	15669
6798	15717
6744	15689
7079	15581
7086	15674
7097	15760
7004	15715
6927	15693
6872	15743
6877	15818
6951	15787
7041	15820
7024	15899
7082	15944
7112	15880
7171	15828
7232	15779
7171	15714
7259	15676
7189	15607
7360	15579
7414	15817
7331	15857
7413	15920
7311	15959
7228	15908
7165	15975
7002	15993
6961	15938
6896	15937
6850	15968
6776	15970
6788	15917
6838	15911
6881	15880
6810	15850
6764	15822
6709	15830
6665	15836
6606	15843
6566	15808
6583	15763
6578	15711
6527	15754
6519	15708
6550	15664
6465	15722
6380	15644
6389	15603
6351	15572
6308	15575
