6242	12200
6290	12212
6247	12251
6253	12294
6237	12333
6189	12337
6145	12317
6150	12269
6150	12222
6135	12179
6098	12201
6050	12198
6014	12180
6023	12135
6051	12107
6078	12083
6095	12045
6123	12010
6167	11991
6199	11964
6191	11922
6186	11879
6183	11836
6156	11800
6112	11779
6074	11753
6033	11759
6041	11716
6033	11679
6007	11641
6050	11627
6078	11655
6084	11698
6112	11730
6152	11747
6154	11701
6187	11669
6159	11631
6187	11600
6158	11565
6111	11573
6100	11533
6141	11516
6186	11517
6211	11549
6232	11592
6226	11638
6243	11682
6250	11729
6291	11732
6318	11695
6284	11655
6287	11599
6266	11551
6284	11498
6236	11498
6224	11444
6271	11448
6266	11403
6239	11366
6249	11327
6248	11279
6287	11251
6253	11223
6225	11199
6230	11149
6268	11126
6312	11119
6347	11086
6366	11130
6414	11146
6373	11187
6385	11231
6394	11275
6413	11324
6470	11337
6483	11396
6439	11446
6445	11504
6392	11542
6377	11489
6373	11428
6324	11455
6320	11398
6295	11355
6295	11305
6337	11268
6350	11317
6361	11366
6415	11383
6458	11259
6442	11199
6507	11207
6474	11138
6478	11067
6500	11009
6475	10956
6489	10891
6433	10903
6375	10898
6359	10938
6322	10964
6302	10994
6282	11030
6290	11076
6332	11039
6383	11044
6414	11085
6430	11010
6408	10957
6368	10994
6307	10907
6292	10859
6310	10820
6360	10806
6329	10767
6340	10718
6338	10667
6380	10686
6392	10641
6429	10610
6461	10646
6488	10689
6488	10743
6439	10749
6387	10741
6413	10796
6401	10845
6351	10858
6256	10819
6217	10806
6228	10764
6273	10779
6282	10734
6245	10706
6204	10721
6173	10694
6166	10661
6188	10626
6168	10586
6139	10620
6113	10649
6126	10686
6091	10703
6070	10736
6038	10765
6010	10737
6035	10709
6022	10665
6063	10670
6072	10626
6038	10617
6005	10588
6043	10572
6074	10581
6106	10594
6133	10558
6159	10533
6162	10490
6162	10448
6127	10443
6103	10468
6078	10495
6045	10478
6018	10448
6064	10436
6060	10391
6022	10400
6002	10371
6013	10332
6048	10347
6079	10318
6073	10279
6116	10271
6125	10314
6143	10357
6139	10399
6100	10406
6097	10359
6179	10382
6194	10418
6232	10414
6269	10425
6297	10462
6276	10503
6245	10534
6200	10547
6213	10587
6240	10624
6254	10660
6209	10666
6153	10730
6122	10749
6136	10790
6173	10818
6190	10859
6155	10889
6114	10901
6112	10951
6135	10989
6177	10977
6211	10996
6253	10987
6265	10947
6250	10904
6237	10857
6200	10906
6212	10945
6157	10941
6169	11028
6175	11070
6138	11092
6092	11094
6063	11123
6032	11144
6018	11184
6005	11226
6018	11266
6049	11235
6089	11226
6129	11236
6108	11270
6071	11284
6034	11307
6070	11335
6032	11355
6008	11395
6056	11395
6073	11438
6034	11437
6040	11481
6012	11515
6052	11529
6063	11579
6023	11597
6006	11563
6110	11615
6122	11667
6201	11724
6198	11775
6236	11771
6233	11817
6236	11865
6241	11917
6250	11964
6296	11982
6292	11927
6286	11882
6286	11832
6282	11780
6342	11782
6364	11725
6398	11679
6353	11641
6350	11581
6326	11526
6412	11604
6482	11633
6462	11705
6489	11780
6531	11854
6606	11812
6682	11839
6617	11914
6589	11999
6589	12062
6641	12117
6564	12142
6492	12181
6487	12107
6473	12028
6389	12059
6371	11993
6360	11923
6369	11850
6443	11863
6450	11940
6534	11952
6698	12023
6756	11932
6831	12047
6942	12006
7019	12088
7029	12173
6975	12222
6904	12239
6937	12309
7017	12363
6993	12441
6917	12431
6861	12377
6777	12374
6712	12381
6735	12312
6750	12235
6823	12194
6746	12136
6658	12202
6651	12290
6616	12364
6643	12433
6723	12455
6745	12518
6724	12567
6759	12614
6797	12575
6808	12519
6791	12454
6875	12501
6867	12558
6874	12611
6860	12674
6836	12716
6784	12699
6775	12752
6755	12799
6785	12838
6805	12891
6749	12897
6726	12852
6699	12812
6709	12764
6729	12720
6737	12666
6682	12668
6687	12618
6640	12576
6592	12603
6626	12639
6634	12695
6588	12703
6564	12659
6528	12615
6498	12662
6468	12612
6421	12616
6381	12637
6340	12665
6341	12710
6312	12743
6294	12786
6265	12757
6226	12768
6208	12819
6236	12856
6253	12897
6227	12927
6182	12928
6150	12946
6119	12934
6108	12977
6096	13014
6057	13017
6072	13054
6077	13094
6077	13132
6108	13150
6116	13111
6120	13066
6166	13055
6161	13095
6156	13136
6196	13124
6219	13093
6247	13114
6278	13086
6299	13121
6333	13094
6364	13060
6401	13087
6382	13125
6385	13174
6355	13211
6309	13229
6272	13210
6233	13208
6190	13200
6189	13167
6228	13157
6269	13159
6306	13182
6340	13152
6408	13226
6387	13268
6345	13268
6301	13278
6300	13321
6264	13302
6223	13313
6213	13354
6176	13322
6174	13278
6137	13293
6093	13278
6056	13262
6024	13244
6058	13212
6066	13176
6105	13191
6144	13178
6148	13214
6132	13245
6093	13236
6059	13315
6029	13333
6011	13298
6038	13375
6079	13366
6112	13384
6140	13416
6175	13430
6203	13465
6239	13440
6213	13405
6256	13385
6268	13347
6316	13377
6285	13422
6289	13473
6286	13523
6245	13556
6232	13594
6192	13582
6162	13549
6118	13553
6109	13593
6144	13612
6148	13656
6140	13696
6097	13696
6088	13737
6127	13739
6171	13733
6184	13689
6220	13684
6239	13644
6275	13619
6286	13577
6341	13555
6351	13503
6402	13535
6399	13590
6382	13652
6331	13667
6286	13672
6266	13706
6271	13748
6290	13787
6294	13832
6324	13866
6281	13887
6278	13934
6296	13977
6284	14022
6248	13983
6225	14025
6182	14043
6183	14087
6136	14072
6086	14090
6089	14044
6080	13998
6102	13959
6150	13956
6128	13914
6143	13872
6157	13826
6166	13782
6202	13774
6244	13786
6207	13819
6249	13839
6233	13891
6227	13938
6199	13973
6170	13999
6128	14015
6035	14002
6038	14042
6035	14088
6053	14133
6020	14165
6073	14178
6089	14219
6117	14264
6156	14229
6135	14188
6191	14183
6215	14137
6252	14116
6235	14074
6289	14080
6292	14138
6298	14190
6274	14230
6286	14279
6234	14278
6218	14231
6245	14183
6160	14133
6108	14131
6035	14225
6060	14267
6075	14309
6092	14353
6113	14394
6162	14406
6185	14444
6178	14487
6197	14530
6168	14569
6196	14607
6225	14574
6253	14606
6274	14644
6309	14670
6333	14635
6376	14615
6336	14574
6297	14597
6275	14558
6247	14521
6232	14473
6227	14427
6212	14383
6171	14358
6207	14326
6259	14337
6260	14390
6302	14371
6353	14363
6390	14342
6385	14290
6337	14247
6356	14190
6345	14137
6365	14085
6342	14041
6348	13984
6398	13953
6441	13914
6387	13882
6369	13829
6344	13778
6393	13770
6381	13718
6318	13724
6223	13735
6191	13631
6101	13636
6069	13662
6028	13663
6007	13629
6020	13592
6053	13623
6065	13572
6040	13533
6083	13526
6058	13492
6047	13455
6067	13412
6102	13440
6101	13476
6130	13512
6172	13501
6147	13465
6207	13530
6239	13496
6351	13435
6411	13427
6407	13478
6469	13507
6500	13457
6471	13411
6429	13369
6403	13323
6349	13326
6375	13378
6479	13337
6458	13277
6518	13240
6476	13193
6442	13150
6499	13120
6456	13084
6419	13042
6385	13016
6372	12979
6337	12948
6383	12931
6431	12934
6478	12919
6501	12878
6539	12914
6522	12956
6475	12977
6430	12988
6466	13026
6515	13011
6514	13059
6558	13101
6579	13047
6567	12991
6627	12984
6672	12967
6721	12951
6761	12994
6781	12942
6824	12982
6853	13029
6860	13082
6925	13074
6918	13023
6890	12976
6855	12934
6867	12883
6909	12838
6884	12776
6944	12776
6996	12768
7043	12784
7094	12796
7139	12768
7185	12779
7242	12778
7243	12829
7268	12879
7213	12890
7174	12841
7114	12865
7054	12869
6995	12830
6974	12897
6923	12923
6977	12960
6977	13021
6991	13077
6963	13136
7026	13151
7043	13227
7060	13311
7131	13264
7213	13266
7179	13193
7116	13171
7135	13084
7193	13109
7264	13110
7297	13057
7357	13038
7417	13056
7456	13118
7484	13186
7408	13182
7329	13185
7359	13117
7252	13183
7304	13266
7388	13268
7459	13259
7529	13284
7563	13212
7608	13157
7618	13095
7682	13088
7697	13020
7636	13025
7590	12975
7520	12980
7490	13044
7564	13058
7532	13117
7676	13158
7713	13210
7642	13226
7610	13299
7631	13385
7540	13382
7443	13344
7425	13424
7334	13364
7243	13363
7147	13366
7066	13419
6987	13383
6899	13345
6884	13256
6944	13207
6969	13280
6880	13157
6814	13213
6743	13194
6699	13154
6639	13172
6616	13107
6644	13040
6685	13083
6739	13071
6795	13061
6787	13128
6705	13020
6691	12897
6656	12851
6610	12872
6636	12916
6587	12932
6558	12865
6563	12812
6611	12808
6657	12786
6622	12746
6569	12756
6521	12769
6512	12820
6464	12826
6432	12787
6469	12769
6492	12721
6448	12715
6433	12667
6386	12700
6406	12746
6361	12755
6339	12791
6382	12798
6414	12833
6443	12874
6395	12883
6359	12843
6341	12886
6305	12904
6283	12867
6312	12831
6260	12818
6199	12885
6166	12847
6124	12855
6097	12890
6073	12929
6057	12971
6016	12981
6008	13022
6028	13064
6027	13105
6038	13142
6023	13182
6100	13325
6137	13343
6166	13377
6220	13267
6185	13239
6263	13253
6251	13054
6266	13017
6293	12984
6283	12942
6243	12970
6199	12971
6222	13011
6180	13017
6154	12983
6136	13020
6207	13052
6309	13044
6335	13009
6147	12895
6081	12844
6077	12801
6072	12758
6095	12717
6065	12686
6050	12645
6043	12602
6029	12556
6014	12516
6046	12487
6017	12452
6057	12423
6060	12379
6053	12337
6046	12293
6054	12242
6105	12253
6098	12303
6106	12353
6151	12371
6178	12402
6223	12381
6241	12431
6284	12441
6259	12484
6219	12493
6192	12526
6155	12493
6136	12450
6112	12407
6083	12459
6105	12498
6133	12535
6128	12587
6092	12572
6072	12535
6098	12623
6116	12664
6153	12630
6180	12663
6231	12668
6250	12712
6287	12697
6292	12651
6251	12619
6285	12591
6287	12539
6247	12542
6218	12573
6205	12617
6171	12572
6193	12456
6276	12377
6290	12330
6345	12351
6348	12303
6298	12270
6351	12239
6350	12175
6289	12153
6247	12120
6221	12149
6190	12187
6195	12235
6199	12282
6169	12142
6190	12098
6220	12059
6215	12010
6261	12027
6310	12046
6273	12085
6340	12110
6402	12134
6413	12209
6411	12270
6406	12339
6383	12392
6324	12401
6344	12456
6314	12502
6338	12555
6381	12567
6439	12550
6503	12533
6552	12552
6616	12521
6682	12523
6562	12474
6539	12405
6462	12400
6465	12475
6402	12451
6380	12505
6335	12612
6201	12715
6169	12755
6166	12795
6121	12801
6124	12755
6145	12706
6027	12738
6021	12686
6030	12791
6035	12839
6045	12889
6019	12934
6015	13411
6012	13499
6000	13692
6012	13731
6005	13771
6032	13803
6011	13838
6031	13883
6023	13924
6002	13964
6052	13959
6076	13914
6083	13871
6062	13833
6107	13832
6124	13795
6085	13784
6051	13755
6047	13705
6192	13864
6185	13916
6340	13924
6398	14020
6429	14068
6476	14110
6492	14051
6528	13999
6458	13986
6503	13927
6480	13842
6426	13822
6477	13777
6446	13717
6509	13686
6450	13640
6470	13573
6530	13611
6609	13609
6602	13534
6535	13528
6569	13463
6557	13397
6634	13375
6646	13455
6722	13411
6803	13397
6805	13305
6720	13325
6634	13290
6683	13238
6590	13229
6547	13172
6549	13303
6682	13537
6741	13601
6676	13644
6682	13719
6702	13799
6781	13806
6826	13736
6761	13690
6828	13582
6925	13574
6992	13486
7095	13530
7185	13599
7206	13489
7322	13462
7327	13574
7318	13676
7439	13661
7446	13541
7545	13488
7551	13613
7652	13571
7694	13471
7774	13411
7875	13389
7880	13278
7877	13176
7971	13174
7985	13082
7976	13003
7925	12975
7882	12933
7816	12961
7813	12908
7778	12858
7724	12902
7731	12959
7781	13013
7754	13067
7761	13134
7786	13204
7781	13303
7699	13304
7825	13087
7905	13080
7868	13014
7979	12926
7933	12877
8001	12852
7989	12775
7929	12802
7883	12755
7824	12797
7799	12737
7742	12721
7721	12670
7715	12623
7717	12566
7711	12508
7660	12535
7615	12498
7586	12557
7565	12604
7558	12652
7524	12683
7475	12682
7486	12642
7463	12606
7412	12601
7376	12574
7334	12600
7311	12637
7265	12666
7210	12656
7175	12602
7246	12595
7310	12555
7351	12522
7405	12521
7451	12553
7473	12506
7516	12563
7517	12612
7610	12626
7610	12673
7576	12710
7553	12749
7534	12790
7484	12788
7435	12783
7456	12743
7505	12734
7431	12698
7406	12737
7359	12748
7323	12731
7327	12691
7379	12687
7375	12637
7427	12650
7390	12788
7346	12805
7312	12843
7325	12890
7367	12869
7415	12895
7470	12896
7470	12843
7414	12840
7525	12871
7572	12825
7600	12773
7656	12775
7702	12767
7699	12822
7635	12826
7659	12878
7657	12947
7590	12886
7631	12724
7680	12713
7664	12658
7653	12595
7774	12591
7827	12619
7785	12667
7844	12685
7887	12652
7884	12584
7830	12552
7772	12522
7823	12475
7896	12516
7901	12440
7915	12359
7982	12395
8078	12421
8164	12441
8168	12540
8096	12526
8000	12512
7954	12574
7969	12650
7942	12712
8027	12711
8090	12719
8067	12789
8078	12869
8069	12965
8162	12984
8199	13079
8184	13193
8078	13167
8068	13061
8187	12877
8157	12780
8164	12695
8180	12623
8094	12640
8030	12604
8283	12600
8283	12683
8253	12763
8309	12862
8427	12856
8402	12947
8294	12981
8311	13112
8410	13073
8495	13015
8598	13043
8595	12945
8647	12878
8726	12886
8769	12946
8855	12933
8898	12875
8934	12925
8975	12977
9010	12929
9048	12881
9082	12827
9113	12872
9140	12927
9179	12967
9198	13019
9158	13070
9091	13069
9028	13057
9048	12990
9080	12940
9116	13002
9125	13134
9097	13192
9029	13213
8988	13158
9046	13129
8958	13096
8950	13037
8908	12988
8835	13008
8885	13076
8810	13103
8743	13034
8682	13096
8747	13183
8823	13239
8932	13238
8982	13288
9059	13284
9140	13282
9223	13277
9260	13217
9271	13141
9327	13173
9359	13235
9383	13304
9441	13260
9504	13233
9530	13165
9460	13163
9397	13170
9359	13103
9415	13070
9482	13093
9545	13090
9598	13132
9645	13196
9585	13225
9667	13260
9617	13318
9537	13306
9469	13347
9437	13417
9462	13498
9510	13589
9579	13500
9549	13400
9649	13417
9703	13348
9754	13408
9828	13358
9861	13289
9946	13289
10025	13250
10033	13314
10086	13362
10166	13346
10122	13279
10128	13203
10100	13133
10047	13177
9980	13187
9942	13128
9870	13138
9814	13131
9754	13136
9726	13205
9813	13212
9763	13288
9908	13207
10012	13103
10108	13060
10143	12991
10099	12959
10121	12901
10146	12854
10188	12887
10237	12896
10279	12873
10320	12852
10348	12809
10384	12828
10426	12842
10471	12837
10490	12876
10435	12887
10465	12937
10495	12984
10531	13020
10509	13065
10553	13077
10601	13074
10587	13017
10638	13028
10666	12993
10686	13036
10663	13079
10638	13124
10698	13134
10749	13115
10715	13078
10769	13057
10795	13092
10824	13054
10797	13019
10827	12980
10789	12951
10820	12929
10835	12892
10808	12857
10777	12824
10740	12860
10725	12813
10714	12761
10729	12716
10778	12712
10827	12718
10866	12692
10886	12737
10863	12769
10892	12811
10917	12776
10951	12746
10987	12767
10990	12719
10978	12666
10959	12612
10900	12653
10929	12708
10958	12810
10969	12855
11008	12872
11051	12875
11079	12845
11078	12802
11088	12750
11039	12766
11021	12816
11035	12917
10995	12934
10953	12957
10925	12993
10907	13034
10876	13070
10918	13092
10963	13090
11012	13088
11004	13049
11029	13011
11031	12967
11079	12980
11084	13021
11057	13060
11098	13076
11140	13099
11178	13060
11196	13105
11174	13144
11181	13198
11132	13181
11102	13147
11056	13116
10999	13137
10950	13147
10900	13147
10859	13167
10817	13196
10792	13149
10735	13175
10670	13184
10610	13181
10561	13196
10508	13204
10455	13188
10468	13142
10461	13091
10415	13121
10358	13119
10352	13173
10406	13193
10340	13242
10274	13249
10286	13179
10298	13122
10236	13122
10218	13186
10200	13255
10244	13316
10331	13314
10397	13284
10464	13264
10452	13335
10460	13408
10391	13385
10309	13389
10229	13403
10149	13442
10052	13457
9998	13384
9906	13399
9832	13473
9791	13566
9898	13578
9956	13497
10039	13585
10127	13540
10213	13532
10274	13594
10190	13646
10079	13687
9967	13669
9841	13668
9716	13663
9667	13577
9697	13494
9592	13672
9610	13794
9498	13816
9388	13845
9259	13883
9256	14035
9111	14020
8998	14123
8949	14271
8789	14262
8828	14110
8697	14126
8601	14234
8530	14366
8393	14338
8429	14196
8339	14067
8406	13920
8455	13751
8362	13611
8492	13559
8371	13464
8259	13404
8238	13307
8304	13232
8382	13316
8521	13301
8566	13411
8662	13527
8764	13633
8637	13708
8599	13881
8741	13971
8797	13835
8914	13716
8981	13819
9108	13842
9072	13676
9128	13572
9146	13496
9181	13415
9223	13348
9278	13404
9353	13377
9355	13470
9252	13489
9269	13578
9208	13675
9337	13686
9450	13685
9390	13574
9303	13295
9173	13201
9198	13142
9226	13081
9291	13076
9266	13023
9252	12971
9228	12918
9253	12866
9285	12822
9270	12762
9278	12700
9318	12658
9299	12599
9238	12643
9212	12582
9172	12532
9120	12580
9071	12618
9035	12663
9014	12711
9076	12715
9106	12670
9141	12725
9186	12767
9217	12812
9157	12818
9182	12878
9291	12911
9325	12957
9338	13017
9397	12994
9380	12923
9408	12855
9362	12798
9346	12729
9420	12719
9392	12658
9383	12591
9344	12522
9362	12433
9310	12361
9224	12379
9201	12310
9125	12290
9082	12335
9019	12357
9000	12419
8935	12420
8870	12394
8872	12459
8825	12492
8801	12432
8757	12383
8693	12374
8716	12449
8744	12506
8701	12552
8692	12634
8747	12622
8808	12634
8822	12691
8815	12758
8868	12788
8888	12727
8884	12657
8948	12683
8933	12599
8976	12549
8989	12488
8931	12502
8888	12539
8855	12593
8804	12554
8736	12710
8716	12788
8787	12820
8833	12862
8926	12816
8973	12865
9016	12825
9042	12770
9099	12775
8975	12766
9005	12617
9039	12550
9098	12507
9054	12469
9076	12407
9146	12382
9173	12456
9253	12512
9271	12445
9415	12361
9487	12291
9527	12366
9490	12443
9437	12484
9522	12553
9476	12636
9492	12723
9525	12784
9587	12803
9655	12787
9711	12828
9765	12821
9764	12884
9818	12868
9869	12889
9925	12884
9971	12864
10023	12862
10054	12906
10080	12850
10120	12807
10151	12769
10181	12725
10210	12766
10253	12783
10270	12822
10304	12789
10297	12736
10249	12726
10236	12676
10233	12623
10285	12610
10327	12583
10378	12602
10423	12614
10451	12652
10478	12695
10525	12686
10560	12711
10575	12760
10535	12778
10512	12736
10462	12745
10435	12787
10387	12780
10406	12737
10424	12695
10389	12659
10356	12703
10345	12751
10300	12685
10330	12643
10376	12533
10372	12467
10391	12399
10438	12339
10490	12389
10459	12457
10517	12506
10537	12569
10511	12634
10560	12638
10601	12613
10608	12666
10662	12643
10671	12594
10736	12595
10719	12657
10773	12651
10825	12640
10874	12595
10803	12576
10764	12522
10694	12529
10717	12459
10638	12459
10588	12496
10615	12551
10556	12436
10566	12360
10591	12296
10568	12226
10486	12228
10499	12296
10402	12270
10401	12190
10460	12123
10354	12113
10279	12150
10192	12145
10204	12234
10171	12315
10108	12258
10095	12163
10021	12213
10013	12287
9924	12265
9838	12246
9753	12222
9678	12269
9582	12267
9612	12378
9603	12483
9722	12507
9766	12598
9835	12652
9808	12733
9862	12743
9921	12754
9934	12810
9883	12821
9828	12810
9910	12697
9961	12688
9986	12744
10038	12732
10087	12755
10046	12797
9994	12807
9991	12933
9970	12994
10038	12984
9908	12962
9826	12959
9739	12968
9693	13042
9678	13127
9601	13036
9540	13022
9470	13017
9453	12938
9535	12942
9564	12876
9496	12862
9447	12785
9574	12734
9563	12659
9649	12610
9652	12713
9721	12715
9635	12860
9699	12888
9635	12954
9811	13047
9902	13053
10169	13134
10203	13064
10272	13055
10333	13044
10355	12980
10391	12928
10377	12879
10320	12911
10270	12938
10290	12985
10217	12986
10172	12943
10225	12847
10193	12812
10129	12704
10080	12688
10024	12675
9992	12622
10007	12556
10065	12534
10130	12550
10188	12516
10240	12550
10309	12523
10263	12468
10310	12410
10342	12328
10263	12334
10314	12239
10177	12402
10103	12469
10015	12482
9935	12502
9929	12557
9917	12628
9829	12519
9842	12435
9861	12347
9766	12328
9715	12405
9651	12169
9737	12121
9834	12137
9926	12156
9999	12118
10019	11993
10120	12068
10267	12010
10173	11917
10133	11811
10195	11675
10072	11579
9954	11525
9844	11562
9776	11451
9777	11321
9646	11364
9530	11445
9487	11580
9379	11606
9269	11577
9282	11676
9267	11786
9371	11807
9437	11705
9590	11711
9745	11657
9652	11540
9392	11481
9290	11472
9255	11393
9284	11290
9267	11184
9229	11119
9216	11036
9127	11012
9130	11089
9122	11178
9061	11268
9000	11198
9022	11107
9046	11030
8946	11045
8921	11126
8902	11211
8836	11259
8839	11357
8917	11399
8966	11472
8982	11565
8964	11651
8974	11739
8904	11779
8829	11783
8761	11729
8714	11652
8809	11620
8895	11588
8852	11517
8800	11444
8709	11435
8630	11475
8651	11571
8743	11534
8615	11669
8659	11755
8616	11828
8583	11913
8631	11980
8695	12024
8772	12035
8827	11996
8881	11949
8920	11881
8982	11831
9037	11892
9120	11895
9198	11887
9291	11903
9239	11998
9143	11994
9163	12066
9198	12138
9116	12137
9112	12211
9054	12239
8985	12216
8973	12148
8927	12106
8849	12083
8781	12118
8711	12123
8717	12198
8793	12199
8778	12267
8722	12300
8813	12342
8878	12322
8945	12347
8935	12273
8913	12209
8860	12162
8853	12248
9004	12293
9041	12140
9072	12065
9059	11983
8967	11961
8910	12023
8987	12051
8824	11888
8753	11934
8679	11917
8738	11831
8876	11687
9064	11677
9089	11574
9171	11632
9174	11720
9149	11793
9064	11793
9183	11507
9075	11467
9144	11377
9175	11280
9025	11364
8945	11295
8823	11153
8836	11053
8811	10967
8908	10960
8991	10943
9073	10930
9137	10854
9127	10766
9136	10685
9076	10635
9089	10566
9034	10550
8995	10595
8965	10546
8929	10503
8902	10455
8877	10408
8920	10393
8940	10347
8902	10318
8867	10358
8816	10346
8821	10398
8770	10390
8725	10415
8712	10363
8670	10331
8681	10275
8645	10254
8600	10222
8540	10228
8499	10192
8456	10231
8490	10272
8512	10325
8513	10375
8551	10409
8489	10433
8489	10503
8553	10488
8618	10496
8674	10523
8712	10475
8670	10455
8667	10397
8617	10367
8572	10341
8618	10304
8560	10283
8567	10167
8579	10115
8523	10125
8526	10066
8551	10018
8592	10048
8649	10048
8695	10093
8743	10117
8778	10156
8804	10197
8777	10240
8768	10289
8814	10283
8851	10303
8888	10255
8840	10242
8868	10196
8837	10150
8860	10104
8902	10070
8919	10020
8981	10029
9019	9968
9070	10018
9111	9964
9185	9927
9229	9864
9296	9867
9364	9899
9341	9966
9418	9986
9447	10066
9377	10098
9328	10047
9257	10068
9238	10144
9175	10101
9113	10075
9077	10139
9018	10143
8966	10176
8933	10214
8983	10242
9016	10207
9042	10258
9034	10311
9000	10350
8981	10308
8938	10275
8979	10399
8955	10450
8995	10491
9018	10443
9062	10487
9116	10515
9151	10559
9165	10607
9225	10637
9296	10620
9283	10558
9220	10551
9221	10478
9169	10491
9124	10458
9078	10426
9125	10395
9082	10351
9041	10383
9085	10294
9109	10243
9074	10205
9134	10165
9174	10208
9158	10268
9197	10310
9180	10364
9181	10425
9252	10420
9295	10383
9241	10356
9284	10299
9284	10223
9224	10247
9135	10322
9293	10481
9369	10423
9374	10335
9395	10267
9406	10172
9320	10161
9491	10221
9575	10279
9673	10269
9764	10300
9875	10303
9942	10232
9979	10146
10056	10093
10137	10042
10203	10010
10154	9939
10069	9897
10008	9839
9976	9762
9913	9727
9836	9744
9803	9824
9780	9889
9710	9845
9639	9823
9666	9759
9676	9693
9613	9659
9556	9680
9528	9626
9580	9596
9667	9615
9696	9542
9620	9507
9535	9515
9488	9567
9447	9524
9382	9547
9409	9605
9462	9627
9486	9681
9417	9681
9346	9669
9304	9716
9241	9691
9178	9683
9117	9669
9160	9622
9139	9563
9090	9538
9039	9514
9030	9568
8991	9608
8963	9563
8981	9512
9015	9461
8947	9447
8984	9398
9059	9407
9101	9464
9141	9410
9203	9435
9276	9465
9233	9517
9209	9568
9226	9623
9280	9640
9337	9606
9272	9571
9313	9529
9363	9484
9335	9411
9367	9353
9359	9284
9388	9230
9348	9170
9414	9151
9446	9075
9454	9003
9455	8925
9527	8882
9598	8862
9669	8876
9679	8809
9669	8726
9751	8745
9822	8771
9890	8757
9956	8721
10022	8709
10070	8662
10121	8613
10150	8673
10167	8738
10229	8754
10238	8807
10196	8859
10157	8918
10077	8930
10126	8993
10053	9022
10019	9083
9954	9096
9919	9167
9839	9164
9861	9087
9824	9021
9759	8994
9710	9046
9691	9112
9738	9177
9654	9186
9693	9252
9724	9330
9752	9390
9753	9473
9830	9424
9886	9486
9879	9565
9799	9556
9753	9609
9763	9688
9739	9770
9604	9729
9571	9795
9524	9741
9496	9797
9504	9860
9440	9896
9505	9941
9514	10024
9588	9971
9661	9994
9728	9961
9797	9979
9866	9931
9930	9986
9969	10053
10046	9990
9961	9909
9883	9835
9849	9652
9947	9638
10033	9679
10116	9660
10173	9730
10223	9793
10233	9885
10274	9950
10363	10002
10373	9915
10317	9834
10296	9730
10370	9726
10422	9804
10477	9875
10471	9961
10451	10053
10490	10135
10503	10219
10425	10215
10338	10237
10233	10253
10132	10277
10069	10197
10025	10284
10073	10373
10140	10470
10202	10367
10322	10356
10413	10322
10502	10303
10530	10377
10473	10434
10390	10452
10450	10536
10532	10596
10623	10581
10715	10575
10693	10650
10774	10637
10827	10677
10790	10749
10715	10742
10714	10845
10807	10839
10808	10930
10714	10947
10770	11031
10728	11115
10623	11142
10542	11064
10647	11023
10610	10909
10508	10955
10492	10838
10509	10726
10605	10675
10614	10775
10424	10656
10313	10666
10351	10565
10230	10567
10286	10462
10107	10586
10194	10688
10243	10797
10210	10909
10112	11006
10049	10921
10000	11008
9934	11092
9833	11051
9811	11176
9948	11233
9912	11375
10074	11433
10080	11299
10075	11136
10218	11207
10333	11145
10465	11149
10419	11043
10344	10976
10368	10883
10382	10769
10106	10806
10041	10703
9968	10620
9884	10546
9775	10549
9813	10673
9903	10741
9967	10838
9897	10933
9794	10824
9722	10918
9607	10983
9520	10927
9472	11026
9399	11116
9323	11052
9282	10957
9258	10876
9215	10788
9286	10768
9283	10694
9211	10710
9047	10717
9001	10661
8938	10708
8923	10641
8916	10577
8858	10579
8872	10514
8813	10494
8796	10541
8791	10595
8727	10565
8714	10620
8651	10584
8583	10555
8516	10571
8427	10564
8402	10489
8420	10420
8360	10407
8293	10413
8314	10349
8381	10338
8432	10299
8453	10364
8347	10279
8340	10215
8363	10157
8302	10152
8334	10094
8299	10032
8377	10023
8441	10032
8463	10087
8461	10144
8423	10181
8402	10236
8408	10108
8493	10001
8553	9952
8590	9902
8660	9918
8726	9939
8678	9989
8715	10022
8756	10056
8798	10099
8834	10046
8857	9988
8783	9998
8808	9930
8774	9874
8710	9862
8759	9805
8816	9769
8835	9708
8871	9665
8838	9607
8775	9601
8800	9554
8817	9497
8863	9535
8919	9515
8878	9460
8905	9398
8873	9333
8799	9327
8792	9259
8857	9248
8915	9269
8977	9246
8975	9172
9040	9176
9108	9200
9174	9203
9217	9173
9277	9142
9332	9093
9381	9038
9355	8954
9351	8878
9294	8818
9372	8788
9421	8735
9466	8663
9508	8729
9502	8808
9431	8836
9582	8784
9584	8701
9630	8644
9711	8634
9740	8567
9793	8594
9861	8591
9839	8524
9782	8479
9712	8502
9714	8426
9733	8370
9788	8341
9760	8292
9820	8280
9873	8255
9835	8211
9849	8155
9819	8108
9771	8115
9741	8076
9695	8081
9648	8070
9594	8078
9562	8036
9505	8036
9458	8019
9417	8048
9421	8105
9469	8086
9532	8085
9518	8132
9473	8168
9526	8193
9580	8191
9624	8184
9680	8186
9711	8135
9741	8182
9791	8169
9772	8232
9705	8248
9696	8303
9662	8351
9624	8303
9640	8242
9573	8257
9539	8319
9584	8369
9643	8415
9627	8488
9555	8453
9520	8523
9577	8563
9537	8625
9456	8582
9391	8530
9339	8588
9384	8652
9316	8706
9242	8746
9193	8683
9260	8635
9252	8564
9304	8514
9288	8427
9343	8377
9347	8309
9405	8279
9442	8228
9502	8255
9466	8308
9424	8377
9502	8383
9463	8457
9366	8446
9275	8342
9218	8295
9166	8248
9093	8267
9082	8199
9031	8150
8958	8147
8983	8068
8920	8068
8893	8008
8844	8051
8873	8120
8815	8172
8785	8098
8767	8033
8712	8064
8652	8063
8615	8110
8579	8057
8540	8117
8574	8179
8657	8183
8736	8192
8719	8124
8629	8001
8505	8052
8436	8049
8386	8087
8324	8087
8293	8036
8238	8048
8261	8091
8296	8151
8232	8157
8171	8166
8112	8134
8098	8185
8060	8198
8007	8176
7963	8166
7987	8130
7977	8078
7999	8048
8025	8085
8044	8039
8067	8001
8089	8039
8136	8030
8132	8074
8183	8094
8184	8043
8076	8091
8048	8140
8012	8239
7974	8224
7929	8238
7920	8196
7881	8183
7833	8173
7815	8217
7779	8186
7789	8141
7819	8121
7843	8090
7819	8050
7785	8081
7752	8114
7708	8129
7701	8089
7683	8051
7659	8013
7630	8043
7588	8051
7547	8059
7560	8014
7609	8000
7603	8090
7602	8132
7588	8174
7549	8159
7518	8133
7505	8172
7462	8174
7436	8210
7480	8221
7511	8253
7553	8252
7573	8214
7609	8211
7648	8218
7692	8233
7731	8209
7738	8162
7686	8176
7661	8136
7650	8093
7630	8170
7599	8255
7641	8268
7679	8284
7708	8317
7754	8320
7793	8285
7772	8238
7733	8270
7651	8328
7615	8308
7572	8304
7535	8301
7491	8290
7484	8332
7514	8354
7493	8381
7464	8412
7426	8442
7444	8483
7487	8458
7520	8424
7544	8392
7555	8353
7595	8352
7602	8397
7646	8378
7688	8364
7730	8379
7774	8376
7808	8338
7852	8311
7904	8321
7894	8276
7875	8232
7839	8259
7870	8369
7823	8393
7776	8439
7729	8436
7677	8425
7679	8478
7635	8503
7597	8538
7571	8575
7594	8620
7552	8650
7523	8690
7478	8699
7438	8727
7396	8751
7354	8732
7310	8749
7296	8703
7339	8682
7392	8688
7380	8640
7372	8590
7332	8567
7293	8551
7282	8601
7327	8627
7283	8653
7250	8683
7208	8680
7200	8723
7156	8744
7107	8747
7065	8768
7022	8739
6987	8766
7010	8807
7050	8823
7095	8825
7124	8794
7167	8818
7214	8827
7242	8782
7285	8795
7332	8792
7380	8803
7419	8840
7452	8790
7502	8761
7493	8838
7554	8821
7590	8864
7638	8912
7712	8911
7671	8845
7640	8794
7670	8736
7733	8779
7799	8751
7882	8723
7876	8642
7867	8556
7807	8577
7751	8579
7694	8596
7645	8577
7682	8539
7732	8501
7785	8501
7841	8467
7891	8431
7922	8378
7969	8333
7958	8279
8016	8297
8063	8265
8104	8307
8046	8354
7987	8389
7956	8439
8026	8453
8100	8486
8084	8564
8043	8630
7971	8678
7948	8594
7982	8533
7911	8499
7789	8659
7718	8669
7657	8659
7589	8690
7580	8750
7484	8644
7438	8669
7426	8615
7423	8568
7414	8524
7370	8536
7331	8510
7285	8495
7250	8522
7234	8569
7196	8598
7168	8565
7128	8556
7095	8584
7077	8619
7030	8623
6997	8662
6994	8700
6959	8725
6939	8772
6920	8811
6961	8823
6950	8876
6908	8900
6930	8938
6979	8954
6985	9000
6942	8991
6918	9030
6874	9028
6829	9035
6788	9036
6761	9007
6794	8980
6754	8955
6784	8930
6759	8896
6724	8917
6710	8957
6714	9000
6678	9026
6640	9023
6596	9005
6626	8976
6623	8936
6608	8901
6569	8909
6585	8956
6549	8960
6553	9002
6518	9011
6489	9033
6471	8987
6506	8965
6520	8921
6523	8877
6491	8847
6501	8801
6495	8762
6533	8750
6551	8787
6583	8814
6571	8859
6612	8855
6631	8819
6666	8843
6702	8822
6669	8795
6675	8753
6711	8775
6719	8734
6755	8721
6794	8711
6812	8749
6856	8745
6875	8778
6874	8819
6901	8856
6860	8889
6835	8848
6830	8801
6787	8814
6786	8853
6746	8844
6717	8868
6688	8887
6649	8885
6667	8932
6666	8980
6694	9062
6733	9044
6772	9078
6818	9086
6863	9091
6900	9075
6939	9094
6962	9140
7008	9143
7053	9180
7096	9166
7075	9117
7037	9090
6990	9083
6964	9046
7026	9040
7030	8988
7029	8943
7075	8967
7089	9008
7080	9056
7123	9087
7144	9032
7184	9071
7241	9061
7291	9088
7347	9064
7351	8997
7402	9013
7456	9039
7498	9084
7547	9132
7592	9190
7667	9141
7689	9217
7636	9279
7567	9295
7588	9368
7652	9423
7731	9442
7754	9530
7686	9575
7639	9630
7613	9693
7675	9708
7740	9715
7798	9677
7780	9609
7720	9644
7859	9621
7934	9624
7970	9688
8012	9623
8062	9686
8092	9611
8105	9533
8179	9513
8252	9542
8328	9518
8387	9582
8307	9605
8241	9654
8165	9684
8178	9600
8026	9539
7937	9536
7846	9525
7889	9430
7815	9381
7796	9281
7704	9328
7774	9173
7756	9084
7668	9061
7669	8986
7583	8972
7524	9006
7464	8965
7462	8897
7539	8911
7389	8949
7379	8891
7342	8844
7306	8887
7272	8843
7233	8880
7177	8875
7127	8862
7138	8911
7086	8920
7075	8874
7036	8891
7004	8856
6989	8905
6876	8940
6894	8981
6845	8984
6827	8937
6809	8888
6745	8800
6765	8760
6723	8695
6727	8651
6694	8624
6707	8588
6745	8573
6774	8550
6814	8545
6854	8553
6889	8562
6928	8562
6951	8531
6945	8490
6906	8478
6936	8450
6928	8412
6972	8417
6984	8458
7023	8474
7031	8520
6990	8515
6972	8576
7012	8575
7052	8565
7092	8530
7075	8497
7113	8488
7145	8466
7149	8423
7158	8376
7190	8347
7182	8304
7163	8260
7197	8239
7219	8204
7247	8165
7223	8123
7194	8156
7149	8160
7120	8196
7089	8169
7113	8127
7116	8074
7152	8049
7191	8077
7165	8110
7244	8081
7282	8059
7313	8092
7341	8055
7376	8088
7380	8128
7340	8132
7307	8168
7284	8210
7257	8245
7286	8277
7328	8294
7364	8274
7405	8285
7407	8245
7374	8223
7357	8179
7402	8172
7431	8142
7427	8103
7425	8066
7466	8067
7502	8039
7508	8087
7474	8120
7557	8106
7529	8211
7453	8259
7440	8311
7409	8338
7367	8327
7378	8371
7409	8396
7446	8365
7374	8431
7332	8409
7330	8357
7291	8329
7286	8380
7241	8358
7240	8314
7224	8273
7165	8210
7127	8240
7126	8289
7126	8337
7082	8313
7083	8267
7078	8225
7045	8192
7004	8209
6975	8244
6948	8276
6915	8309
6954	8327
6997	8333
6994	8288
7040	8293
7033	8245
6999	8159
6961	8184
6918	8193
6932	8230
6898	8262
6872	8296
6844	8262
6816	8230
6841	8200
6873	8179
6872	8224
6816	8170
6808	8124
6772	8100
6742	8064
6703	8066
6682	8104
6653	8069
6621	8034
6577	8048
6540	8064
6519	8030
6486	8064
6512	8103
6562	8106
6604	8089
6639	8120
6665	8152
6707	8160
6724	8201
6698	8244
6659	8257
6618	8263
6578	8245
6581	8291
6549	8317
6558	8362
6562	8407
6604	8420
6623	8456
6621	8493
6644	8526
6679	8529
6716	8547
6738	8515
6778	8506
6817	8491
6792	8462
6764	8434
6724	8419
6703	8454
6701	8491
6661	8479
6673	8432
6644	8403
6683	8389
6721	8373
6728	8328
6731	8286
6752	8247
6775	8207
6762	8156
6728	8120
6800	8062
6840	8090
6854	8054
6901	8053
6939	8043
6927	8003
6872	8007
6820	8013
6774	8020
6724	8015
6679	8026
6557	8001
6467	8020
6437	8058
6409	8086
6418	8124
6391	8157
6357	8173
6333	8213
6329	8253
6286	8267
6279	8311
6262	8344
6228	8364
6218	8328
6190	8295
6170	8333
6143	8361
6106	8368
6099	8409
6086	8447
6129	8455
6168	8478
6184	8440
6203	8403
6187	8372
6144	8403
6057	8381
6061	8340
6038	8304
6011	8268
6059	8251
6032	8220
6003	8195
6032	8166
6011	8135
6061	8128
6094	8147
6114	8178
6161	8181
6177	8220
6138	8221
6157	8262
6145	8300
6105	8321
6081	8290
6108	8258
6090	8219
6065	8184
6142	8138
6184	8125
6209	8158
6218	8200
6252	8230
6288	8217
6306	8176
6325	8137
6330	8094
6294	8077
6282	8120
6240	8120
6248	8076
6207	8085
6182	8044
6227	8038
6269	8035
6326	8045
6357	8006
6376	8055
6411	8016
6368	8110
6462	8107
6482	8152
6446	8171
6409	8197
6376	8219
6375	8261
6421	8254
6412	8291
6410	8334
6390	8375
6401	8414
6398	8453
6438	8457
6451	8505
6483	8483
6529	8486
6526	8440
6483	8433
6481	8388
6517	8397
6514	8349
6503	8303
6461	8326
6448	8363
6440	8405
6359	8432
6334	8396
6300	8364
6259	8388
6285	8421
6316	8449
6313	8494
6277	8515
6237	8511
6212	8482
6233	8436
6269	8470
6255	8556
6277	8591
6237	8611
6271	8641
6282	8683
6271	8723
6250	8755
6264	8795
6314	8788
6308	8742
6346	8716
6326	8682
6359	8649
6318	8631
6331	8584
6369	8599
6419	8586
6448	8616
6488	8617
6520	8612
6554	8607
6569	8648
6610	8662
6643	8689
6677	8710
6684	8665
6652	8649
6648	8613
6666	8573
6624	8574
6581	8569
6599	8530
6575	8493
6554	8526
6531	8567
6501	8529
6477	8571
6444	8544
6392	8548
6353	8526
6312	8546
6363	8479
6406	8500
6409	8641
6435	8686
6472	8655
6485	8693
6519	8711
6564	8701
6605	8710
6634	8742
6615	8778
6579	8749
6536	8831
6477	8893
6468	8938
6429	8965
6421	8921
6383	8953
6355	8918
6321	8886
6350	8848
6360	8802
6395	8831
6390	8877
6434	8869
6449	8825
6452	8781
6408	8783
6415	8735
6464	8735
6384	8695
6366	8753
6299	8837
6246	8845
6266	8890
6293	8932
6333	8964
6352	9006
6318	9032
6280	9050
6241	9071
6202	9093
6161	9109
6192	9149
6202	9201
6243	9177
6283	9148
6243	9122
6289	9099
6332	9123
6339	9078
6374	9049
6415	9065
6457	9075
6504	9082
6544	9092
6561	9120
6601	9108
6647	9119
6682	9105
6729	9098
6723	9139
6698	9178
6663	9165
6622	9152
6615	9195
6591	9228
6548	9232
6547	9191
6578	9160
6518	9146
6501	9185
6458	9170
6462	9215
6419	9205
6370	9202
6338	9227
6300	9246
6287	9202
6326	9177
6365	9158
6406	9157
6436	9123
6481	9124
6386	9110
6398	9003
6442	9017
6550	9049
6596	9054
6638	9071
6665	9213
6641	9243
6650	9288
6609	9280
6563	9276
6516	9289
6478	9268
6506	9237
6434	9258
6387	9247
6341	9272
6353	9313
6330	9354
6281	9345
6303	9303
6263	9276
6239	9234
6214	9275
6233	9319
6232	9371
6192	9357
6150	9365
6115	9385
6084	9360
6047	9346
6004	9357
6038	9395
6029	9435
6012	9471
6018	9513
6046	9546
6042	9586
6080	9573
6090	9532
6122	9558
6155	9588
6176	9553
6215	9540
6220	9583
6189	9613
6230	9630
6234	9676
6189	9665
6188	9709
6194	9752
6232	9727
6278	9745
6319	9720
6277	9695
6275	9641
6272	9593
6268	9546
6276	9501
6232	9499
6188	9501
6149	9522
6117	9494
6110	9458
6071	9459
6064	9500
6082	9415
6144	9417
6157	9460
6200	9455
6233	9425
6262	9454
6307	9468
6333	9439
6313	9402
6272	9402
6191	9407
6176	9310
6141	9291
6113	9328
6095	9276
6116	9240
6095	9204
6062	9239
6018	9255
6020	9302
6062	9303
6038	9193
6022	9148
6000	9106
6001	9053
6008	9007
6054	9006
6066	8959
6021	8960
6002	8918
6005	8855
6045	8869
6066	8912
6103	8877
6132	8838
6182	8846
6154	8890
6181	8930
6154	8966
6161	9015
6200	9046
6240	9007
6205	8979
6239	8944
6212	8895
6214	8803
6161	8789
6157	8741
6115	8734
6108	8693
6150	8675
6189	8701
6234	8703
6225	8660
6183	8640
6190	8600
6213	8564
6188	8529
6148	8559
6103	8541
6088	8497
6133	8503
6051	8525
6061	8571
6103	8589
6142	8609
6111	8641
6060	8625
6019	8599
6009	8549
6009	8495
6049	8471
6045	8427
6013	8394
6011	8352
6001	8441
6017	8657
6063	8677
6054	8725
6060	8776
6107	8781
6074	8826
6014	8810
6005	8755
6204	8747
6113	8932
6106	8988
6102	9040
6142	9062
6109	9106
6057	9106
6054	9058
6081	9156
6131	9158
6152	9194
6168	9241
6400	9298
6452	9305
6433	9350
6471	9377
6457	9411
6439	9453
6413	9492
6398	9532
6357	9529
6318	9515
6317	9562
6320	9612
6321	9662
6361	9652
6381	9615
6368	9572
6416	9583
6462	9573
6444	9534
6476	9497
6487	9459
6531	9450
6508	9414
6530	9382
6535	9338
6490	9340
6575	9367
6609	9389
6627	9424
6658	9455
6629	9488
6587	9511
6552	9548
6554	9594
6552	9636
6524	9675
6496	9641
6461	9669
6436	9706
6453	9749
6414	9779
6396	9739
6356	9753
6317	9775
6322	9820
6323	9865
6286	9892
6271	9858
6227	9875
6195	9852
6162	9833
6119	9816
6111	9771
6153	9772
6145	9727
6100	9722
6069	9755
6046	9723
6051	9680
6094	9663
6134	9682
6146	9636
6113	9604
6071	9625
6030	9636
6004	9601
6005	9674
6003	9713
6005	9753
6031	9778
6073	9800
6041	9828
6003	9818
6020	9867
6028	9905
6061	9888
6095	9885
6114	9914
6109	9954
6116	9989
6077	9989
6058	10025
6023	10013
6037	9980
6024	9945
6067	9939
6154	9937
6160	9974
6198	9990
6225	9962
6247	9923
6201	9923
6169	9892
6132	9869
6080	9844
6193	9798
6235	9825
6276	9801
6241	9776
6369	9798
6410	9828
6449	9845
6490	9839
6524	9848
6550	9872
6582	9885
6613	9915
6578	9944
6543	9916
6513	9942
6501	9977
6486	10012
6444	9995
6409	9972
6377	10002
6413	10032
6388	10060
6354	10083
6325	10122
6283	10122
6259	10099
6251	10061
6282	10033
6306	10008
6332	9977
6369	9950
6369	9901
6328	9915
6296	9943
6273	9980
6240	10013
6203	10042
6210	10088
6214	10132
6199	10172
6156	10168
6165	10119
6125	10114
6085	10103
6043	10095
6067	10063
6022	10054
6005	10127
6051	10140
6020	10176
6010	10214
6045	10242
6087	10230
6114	10196
6138	10230
6180	10217
6229	10209
6277	10200
6266	10245
6265	10287
6295	10323
6336	10314
6371	10296
6404	10263
6404	10217
6363	10194
6324	10182
6299	10159
6251	10157
6318	10226
6357	10244
6313	10274
6358	10348
6399	10340
6440	10361
6447	10406
6492	10431
6502	10378
6488	10332
6483	10286
6506	10248
6485	10209
6449	10190
6446	10141
6406	10166
6362	10148
6392	10117
6429	10092
6476	10093
6505	10056
6543	10076
6524	10121
6492	10154
6530	10186
6549	10232
6587	10210
6576	10164
6571	10118
6594	10083
6585	10037
6535	10021
6555	9984
6610	9985
6642	9950
6676	9990
6695	9945
6669	9896
6636	9867
6599	9841
6563	9817
6522	9794
6503	9758
6540	9723
6561	9765
6598	9733
6629	9693
6661	9664
6685	9623
6734	9606
6788	9592
6783	9545
6732	9545
6733	9500
6708	9465
6688	9417
6650	9380
6687	9361
6728	9336
6772	9350
6813	9346
6854	9361
6895	9383
6950	9371
6999	9342
6984	9284
6938	9298
6891	9323
6847	9307
6826	9268
6845	9227
6831	9184
6788	9167
6777	9128
6829	9132
6871	9159
6897	9129
6921	9174
6890	9212
6883	9266
6945	9237
6971	9194
7016	9219
7087	9228
7116	9275
7049	9283
7063	9356
7092	9411
7137	9468
7201	9487
7265	9433
7256	9356
7193	9318
7186	9253
7161	9200
7153	9140
7217	9134
7242	9205
7293	9155
7366	9146
7412	9091
7465	9159
7411	9202
7410	9278
7335	9312
7325	9230
7256	9279
7186	9400
7125	9342
7001	9409
6942	9453
6979	9499
7027	9548
7098	9536
7098	9609
7118	9679
7186	9652
7258	9615
7318	9675
7249	9714
7167	9736
7091	9759
7054	9812
6993	9873
7002	9938
6933	9932
6863	9939
6855	9873
6911	9852
6965	9798
6988	9732
7037	9688
7022	9623
6967	9620
6946	9561
6898	9508
6839	9515
6776	9494
6809	9455
6844	9411
6877	9447
6791	9396
6735	9391
6754	9439
6678	9511
6639	9537
6601	9565
6596	9614
6607	9653
6571	9686
6492	9706
6448	9624
6409	9659
6374	9700
6459	9799
6459	9893
6502	9898
6461	9954
6421	9925
6410	9880
6367	9852
6340	10032
6304	10075
6165	10069
6120	10065
6104	10031
6152	10024
6099	10155
6058	10189
6029	10293
6168	10269
6173	10317
6199	10348
6233	10373
6273	10376
6315	10368
6353	10396
6316	10418
6345	10455
6386	10432
6396	10386
6426	10457
6384	10489
6396	10543
6351	10546
6327	10506
6298	10552
6313	10592
6346	10621
6377	10591
6453	10565
6494	10538
6474	10487
6435	10516
6490	10599
6521	10643
6572	10673
6624	10710
6559	10742
6566	10809
6549	10871
6548	10937
6582	10995
6554	11055
6549	11116
6591	11171
6582	11240
6609	11314
6561	11380
6525	11299
6661	11395
6619	11457
6595	11538
6565	11617
6557	11706
6660	11726
6752	11686
6849	11663
6958	11627
6941	11749
7062	11724
7161	11831
7281	11824
7260	11971
7141	12002
7204	12115
7265	12168
7245	12246
7179	12285
7154	12210
7108	12132
7078	12266
7127	12352
7092	12440
7037	12511
6997	12580
6939	12604
6921	12659
6904	12713
6964	12711
7019	12710
7065	12733
7114	12713
7173	12719
7220	12722
7277	12726
7296	12779
7364	12961
7440	12981
7269	12979
7227	13033
7168	13025
7101	13021
7041	13023
7071	13085
7075	12950
7158	12945
7120	12648
7046	12644
6979	12647
7079	12579
7130	12523
7213	12526
7284	12493
7196	12439
7250	12340
7326	12396
7414	12440
7415	12354
7419	12265
7451	12188
7413	12112
7365	12177
7319	12092
7391	12001
7491	12020
7504	12114
7582	12121
7543	12195
7512	12256
7507	12333
7581	12364
7628	12406
7674	12348
7677	12266
7672	12188
7602	12230
7587	12292
7503	12419
7545	12516
7733	12430
7757	12337
7830	12374
7864	12272
7863	12193
7777	12150
7760	12250
7687	12091
7600	12027
7617	11908
7568	11783
7683	11748
7753	11866
7752	11991
7820	12049
7925	12093
8040	12124
7983	12209
7958	12286
8052	12322
8104	12234
8163	12336
8224	12237
8361	12215
8488	12172
8515	12275
8617	12318
8641	12238
8623	12166
8623	12086
8529	12064
8487	11958
8490	11846
8529	11754
8414	11743
8293	11742
8181	11724
8071	11784
7978	11818
7873	11783
7803	11662
7833	11531
7947	11538
7948	11659
8060	11650
8091	11547
8037	11442
8170	11404
8129	11266
8088	11179
8187	11135
8089	11041
8010	10937
7907	10877
7803	10862
7799	10743
7832	10631
7819	10532
7893	10549
7970	10497
7919	10430
8018	10420
8057	10488
8151	10485
8229	10457
8313	10488
8327	10585
8220	10574
8254	10685
8174	10775
8109	10859
7984	10788
7921	10685
7978	10592
8100	10573
8056	10690
8296	10845
8427	10854
8519	10902
8610	10948
8705	10953
8736	11034
8724	11129
8729	11227
8748	11335
8657	11327
8543	11373
8526	11260
8601	11199
8624	11064
8519	11012
8488	11111
8415	11213
8343	11112
8241	11003
8395	10972
8506	10780
8583	10723
8653	10684
8725	10706
8790	10670
8858	10648
8846	10736
8897	10797
8851	10870
8764	10875
8675	10869
8679	10787
8598	10831
8522	10670
8589	10628
8433	10648
8399	10740
8614	10431
8755	10495
8784	10447
8848	10453
8761	10336
8721	10297
8721	10239
8741	10197
8702	10153
8673	10205
8631	10169
8638	10115
8620	9984
8492	9920
8419	9946
8348	9926
8269	9950
8216	9881
8296	9848
8360	9793
8429	9844
8519	9842
8536	9776
8605	9755
8621	9832
8692	9777
8753	9727
8788	9669
8722	9644
8680	9696
8647	9629
8606	9675
8525	9698
8540	9619
8577	9574
8603	9510
8652	9562
8684	9510
8745	9517
8716	9575
8741	9437
8823	9405
8716	9344
8726	9256
8740	9170
8780	9114
8737	9052
8684	9103
8607	9094
8573	9165
8551	9236
8524	9309
8465	9254
8400	9215
8431	9143
8495	9177
8523	9105
8501	9032
8451	9065
8407	9001
8372	9081
8333	9150
8250	9186
8244	9101
8237	9027
8320	9018
8339	8920
8254	8915
8172	8958
8074	8939
7977	8952
7926	8888
7888	8813
7977	8772
8024	8847
8140	8857
8087	8748
8131	8659
8190	8590
8187	8495
8189	8394
8103	8396
8188	8300
8212	8234
8145	8235
8284	8306
8301	8217
8373	8266
8445	8326
8531	8368
8619	8369
8597	8279
8514	8257
8461	8209
8379	8163
8460	8110
8366	8022
8354	8367
8275	8400
8288	8499
8295	8617
8349	8715
8381	8819
8426	8896
8501	8957
8543	8907
8629	8933
8714	8960
8760	8906
8790	8983
8819	9046
8887	9060
8863	9124
8893	9182
8817	9183
8946	9104
9014	9098
9086	9120
9112	9056
9158	9122
9227	9082
9193	9013
9108	8975
9080	8907
9001	8948
9032	9024
8954	9020
8879	8991
8847	8914
8924	8904
9007	8853
9079	8815
9132	8757
9099	8680
9019	8636
9090	8588
9169	8597
9180	8515
9218	8459
9210	8382
9147	8330
9063	8354
9000	8297
8988	8227
8892	8211
8907	8298
8901	8377
8976	8377
9034	8442
9099	8493
9133	8418
9023	8539
8932	8577
8818	8601
8846	8495
8942	8458
8821	8366
8796	8272
8693	8283
8717	8376
8741	8485
8693	8594
8621	8485
8489	8492
8425	8421
8399	8542
8438	8650
8549	8607
8566	8706
8686	8736
8682	8846
8597	8835
8489	8818
8579	9019
8664	9025
8659	9181
8634	9263
8604	9342
8557	9421
8481	9416
8393	9423
8430	9509
8487	9560
8530	9506
8649	9426
8383	9313
8312	9260
8218	9286
8154	9208
8163	9134
8133	9058
8041	9035
7979	9102
7925	9026
7869	8962
7823	8893
7775	8848
7768	8984
7848	9091
7900	9181
7989	9220
8076	9233
8063	9145
8026	9313
8121	9334
8190	9407
8299	9382
8083	9444
7996	9418
7906	9296
7647	9510
7600	9568
7528	9546
7553	9631
7476	9634
7398	9638
7335	9572
7278	9525
7348	9493
7413	9453
7486	9461
7496	9384
7421	9362
7337	9398
7428	9547
7567	9458
7491	9294
7503	9220
7583	9064
7313	8952
7260	8931
7244	8994
7288	9013
7188	8993
7134	8965
7193	8932
7195	8777
7253	8737
7236	8628
7177	8642
7154	8684
7114	8700
7077	8668
7035	8681
7064	8713
7120	8644
7144	8601
7198	8536
7199	8494
7194	8453
7236	8421
7199	8399
7246	8467
7284	8434
7325	8461
7383	8480
7461	8532
7502	8503
7542	8531
7506	8561
7471	8590
7527	8604
7582	8493
7538	8467
7575	8437
7628	8447
7325	8232
7278	8126
7244	8020
7203	8033
7108	8014
7070	8044
7027	8057
7021	8009
6981	8027
6976	8076
7006	8108
6962	8132
6931	8092
6893	8105
6910	8149
6853	8137
6791	8276
6775	8319
6773	8357
6765	8390
6807	8409
6834	8445
6853	8416
6848	8374
6814	8355
6831	8314
6879	8344
6919	8358
6888	8389
6890	8437
6864	8473
6851	8513
6899	8520
6845	8589
6815	8625
6777	8638
6747	8610
6796	8588
6854	8636
6874	8670
6881	8712
6909	8739
6919	8686
6917	8644
6888	8611
6937	8604
6976	8623
6958	8668
6839	8707
6815	8669
6766	8679
6601	8612
6526	8663
6570	8453
6602	8376
6643	8361
6682	8343
6686	8301
6642	8309
6605	8330
6533	8265
6535	8222
6568	8195
6533	8157
6588	8146
6622	8174
6621	8217
6670	8199
6493	8199
6491	8247
6459	8279
6447	8224
6370	8308
6355	8352
6321	8303
6240	8285
6207	8248
6259	8167
6159	8088
6133	8049
6142	8010
6085	8055
6047	8083
6033	8034
6066	8009
6111	8096
6744	8472
6961	8371
7009	8384
7028	8427
7060	8397
7080	8361
7042	8343
7116	8387
7101	8432
7070	8458
7150	8513
7047	8140
7065	8100
7300	8015
7352	8002
7387	8038
7430	8022
7732	8015
7771	8031
7805	8002
7843	8009
7866	8046
7911	8058
7891	8094
7938	8098
7918	8146
7866	8136
7905	8014
7955	8032
8000	8001
7733	8059
8210	8712
8264	8804
8794	8818
8816	8730
8903	8690
8997	8743
8898	8808
9192	8829
9173	8916
9265	8930
9291	9019
9286	9219
9226	9263
9292	9299
9268	9376
9199	9348
9113	9336
9146	9275
9051	9260
9032	9329
8963	9321
8901	9583
8932	9635
8924	9709
8954	9777
9012	9756
9057	9699
9047	9637
9093	9603
9166	9513
9128	9736
9197	9753
9251	9778
9327	9798
9373	9744
9450	9750
9405	9822
9581	9884
9658	9902
9598	10075
9669	10091
9751	10068
9848	10055
9887	10122
9827	10194
9726	10174
9621	10183
9523	10121
9485	10332
9467	10426
9516	10505
9633	10519
9665	10626
9592	10685
9499	10625
9377	10611
9380	10521
9383	10706
9364	10816
9397	10915
9481	10776
9598	10840
9694	10750
9693	11079
9573	11098
9503	11180
9510	11297
9389	11366
9382	11231
9654	11207
9172	10939
9043	10827
8983	10768
8958	10866
8780	10781
8907	10146
8964	10102
9038	10081
9181	10024
9256	9970
9120	9871
9060	9897
9011	9841
8970	9904
8930	9954
8877	9916
8842	9848
8918	9851
8885	9779
8994	9679
9077	9790
9161	9811
9421	9419
9482	9451
9503	9376
9572	9336
9649	9336
9672	9429
9579	9418
9519	9271
9485	9210
9506	9129
9578	9169
9609	9106
9625	9034
9544	9048
9539	8976
9622	8938
9690	8971
9728	8910
9798	8922
9868	8961
9921	9018
9990	8963
9937	8893
9862	8855
9772	8837
9840	8686
9787	8665
9902	8658
9932	8596
9991	8568
10052	8580
10105	8542
10103	8489
10137	8444
10152	8391
10202	8362
10165	8333
10134	8290
10171	8253
10128	8238
10140	8190
10099	8163
10084	8208
10038	8213
9991	8198
9948	8230
9936	8276
9988	8307
10012	8256
10045	8309
10081	8267
10098	8335
10081	8387
10064	8442
10004	8436
9961	8399
9940	8346
9885	8315
9845	8355
9892	8395
9855	8452
9921	8463
9918	8527
9975	8503
10037	8501
10167	8502
10227	8511
10258	8455
10239	8398
10300	8383
10321	8433
10358	8387
10351	8338
10307	8309
10267	8269
10308	8251
10290	8203
10247	8197
10196	8208
10183	8164
10219	8137
10228	8084
10184	8093
10140	8080
10144	8131
10090	8107
10064	8067
10109	8038
10165	8033
10216	8029
10267	8044
10308	8012
10322	8064
10361	8042
10405	8019
10424	8066
10465	8033
10484	8081
10532	8096
10581	8100
10627	8107
10620	8062
10662	8046
10630	8015
10583	8000
10575	8048
10522	8041
10499	8142
10487	8192
10453	8229
10501	8241
10481	8290
10535	8287
10557	8243
10598	8277
10582	8326
10580	8375
10532	8394
10521	8447
10547	8496
10519	8533
10469	8557
10420	8547
10391	8598
10425	8648
10460	8609
10518	8590
10523	8642
10478	8670
10434	8714
10434	8772
10411	8821
10416	8885
10478	8870
10533	8853
10587	8866
10605	8922
10631	8978
10570	8976
10548	9033
10566	9090
10616	9046
10678	9078
10682	9020
10752	9022
10736	8966
10684	8945
10725	8901
10763	8862
10747	8812
10764	8773
10811	8808
10821	8870
10871	8864
10922	8845
10938	8791
10984	8764
11015	8736
11058	8746
11102	8766
11145	8750
11172	8794
11134	8811
11107	8851
11075	8899
11024	8893
11047	8845
11074	8803
11025	8794
10987	8837
10960	8889
10905	8907
10947	8951
10995	8941
11042	8946
11049	8999
11096	9015
11152	9030
11175	9076
11228	9098
11232	9044
11285	9052
11337	9043
11385	9059
11418	9024
11416	8978
11441	8934
11487	8921
11523	8955
11562	8929
11585	8890
11638	8882
11658	8934
11689	8967
11682	9011
11643	9042
11629	8992
11608	8944
11564	8982
11588	9035
11560	9079
11610	9087
11657	9099
11685	9134
11727	9165
11736	9120
11779	9148
11819	9181
11845	9218
11825	9264
11785	9238
11754	9206
11710	9234
11687	9196
11639	9186
11631	9140
11580	9137
11532	9129
11501	9089
11466	9045
11519	9024
11472	8984
11366	8993
11362	8949
11388	8912
11374	8864
11406	8833
11454	8823
11485	8862
11522	8885
11550	8842
11506	8819
11518	8766
11506	8729
11462	8724
11466	8680
11457	8635
11453	8592
11489	8573
11529	8602
11503	8635
11516	8685
11553	8720
11602	8739
11626	8781
11663	8816
11692	8856
11701	8906
11738	8939
11764	8896
11744	8858
11724	8812
11719	8761
11672	8753
11647	8705
11597	8686
11629	8652
11678	8650
11703	8606
11748	8598
11781	8574
11817	8602
11795	8640
11776	8681
11749	8715
11705	8694
11738	8643
11654	8599
11627	8559
11590	8534
11600	8493
11644	8508
11696	8504
11740	8494
11736	8450
11704	8421
11716	8383
11725	8338
11741	8298
11775	8305
11813	8329
11840	8295
11881	8289
11904	8246
11926	8211
11948	8172
11910	8148
11875	8140
11842	8161
11874	8196
11856	8244
11821	8218
11789	8196
11761	8157
11717	8164
11677	8138
11647	8109
11627	8148
11601	8179
11565	8150
11556	8107
11520	8130
11515	8175
11483	8193
11464	8233
11468	8281
11461	8325
11423	8315
11387	8298
11377	8254
11353	8224
11337	8181
11375	8181
11412	8157
11439	8182
11470	8149
11437	8117
11446	8070
11416	8040
11449	8011
11488	8041
11522	8072
11484	8096
11533	8028
11569	8058
11613	8071
11600	8112
11661	8063
11687	8032
11726	8009
11768	8033
11806	8058
11777	8089
11737	8115
11694	8094
11728	8061
11808	8006
11849	8047
11900	8034
11942	8024
11987	8035
11961	8072
11918	8078
11888	8100
11840	8099
11799	8132
11741	8207
11761	8247
11802	8265
11710	8251
11667	8254
11626	8259
11596	8227
11638	8212
11663	8178
11689	8207
11698	8298
11659	8307
11618	8309
11576	8323
11541	8316
11501	8320
11486	8359
11530	8361
11512	8399
11525	8446
11499	8480
11494	8522
11538	8546
11546	8501
11568	8455
11560	8412
11607	8411
11657	8405
11673	8355
11624	8359
11576	8366
11583	8278
11554	8244
11513	8229
11518	8276
11559	8200
11422	8264
11408	8216
11381	8132
11352	8101
11332	8135
11296	8116
11256	8113
11226	8093
11225	8047
11264	8030
11300	8032
11336	8014
11380	8013
11362	8056
11322	8072
11276	8074
11251	8151
11288	8162
11300	8206
11285	8250
11325	8261
11342	8304
11299	8300
11251	8292
11223	8331
11269	8340
11282	8379
11320	8397
11324	8440
11358	8423
11393	8444
11434	8440
11475	8439
11460	8395
11429	8360
11405	8395
11359	8377
11382	8344
11322	8344
11233	8380
11255	8415
11282	8437
11300	8480
11298	8519
11257	8537
11219	8521
11208	8480
11254	8479
11213	8433
11162	8413
11190	8382
11172	8343
11153	8299
11115	8273
11095	8238
11116	8197
11104	8151
11141	8125
11160	8157
11168	8197
11199	8226
11230	8248
11198	8286
11160	8249
11114	8325
11075	8353
11069	8304
11051	8261
11005	8273
10969	8236
10920	8250
10954	8285
10976	8321
11027	8331
10988	8375
10942	8366
10898	8364
10859	8337
10851	8294
10870	8251
10872	8190
10905	8153
10943	8137
10987	8134
10978	8088
11007	8055
11040	8028
11079	8040
11112	8057
11142	8076
11182	8061
11181	8109
11204	8137
11214	8178
11253	8203
11098	8105
11062	8079
11027	8103
11060	8132
11027	8163
11067	8192
11019	8219
10970	8184
10923	8196
10861	8134
10892	8107
10932	8083
10918	8034
10888	8053
10850	8073
10817	8107
10770	8125
10769	8168
10773	8211
10802	8248
10823	8211
10820	8163
10770	8080
10728	8070
10705	8027
10759	8024
10806	8046
10844	8016
10959	8034
10995	8008
11106	8005
11144	8029
11186	8009
11398	8083
11588	8015
11628	8028
11950	8120
11994	8145
11980	8208
11962	8256
12000	8274
11992	8318
11954	8342
11946	8380
11914	8413
11884	8442
11885	8485
11841	8472
11837	8516
11832	8557
11873	8590
11914	8569
11884	8537
11947	8537
11932	8496
11942	8447
11979	8473
11994	8515
11995	8557
11959	8588
11924	8618
11893	8645
11870	8685
11827	8700
11807	8741
11767	8764
11781	8810
11798	8854
11833	8826
11847	8864
11894	8860
11932	8884
11940	8928
11897	8948
11879	8991
11838	8971
11850	8935
11878	8902
11816	8901
11793	8941
11784	8986
11769	9033
11734	9064
11692	9068
11733	9001
11778	9079
11810	9104
11844	9138
11878	9170
11897	9215
11933	9188
11971	9168
11974	9121
11939	9095
11913	9063
11878	9039
11919	9013
11955	9023
11999	9023
11973	9067
11924	9142
11885	9112
11857	9083
11831	9053
11827	9016
11936	8976
11976	8977
11976	8893
11967	8850
11927	8819
11877	8809
11908	8771
11947	8755
11953	8711
11927	8678
11906	8722
11861	8753
11827	8783
11846	8638
11961	8642
11992	8682
12000	8736
11974	8795
11782	8526
11797	8481
11783	8437
11765	8396
11771	8357
11816	8378
11865	8395
11897	8370
11911	8331
11936	8293
11860	8339
11830	8429
11979	8413
11997	8368
11730	8547
11682	8552
11682	8458
11632	8455
11569	8580
11599	8608
11557	8654
11565	8785
11600	8836
11470	8775
11430	8757
11409	8784
11369	8793
11343	8829
11304	8858
11258	8860
11219	8887
11207	8841
11234	8813
11241	8774
11204	8756
11188	8715
11147	8697
11143	8651
11127	8607
11085	8587
11065	8551
11106	8535
11122	8491
11164	8466
11169	8520
11152	8564
11205	8573
11243	8579
11287	8568
11328	8559
11370	8569
11342	8600
11373	8638
11408	8612
11416	8566
11444	8533
11455	8485
11411	8482
11390	8518
11347	8516
11348	8475
11287	8612
11273	8656
11280	8703
11317	8698
11335	8732
11375	8748
11412	8716
11372	8685
11416	8665
11325	8649
11233	8624
11181	8610
11190	8657
11232	8687
11243	8730
11287	8754
11321	8779
11284	8812
11285	8900
11337	8902
11307	8948
11317	8992
11260	8990
11245	8939
11199	8985
11144	8975
11096	8952
11131	8908
11180	8930
11165	8859
11100	8715
11061	8686
11020	8691
10976	8697
10942	8676
10964	8635
11007	8647
11054	8631
11026	8594
10973	8589
10936	8571
10917	8526
10867	8540
10819	8522
10776	8546
10751	8592
10786	8615
10796	8665
10782	8713
10744	8670
10714	8626
10685	8583
10717	8545
10677	8521
10633	8533
10624	8581
10643	8630
10624	8691
10585	8665
10573	8614
10576	8549
10601	8492
10641	8468
10698	8471
10739	8444
10755	8495
10801	8472
10844	8445
10868	8487
10911	8466
10954	8473
11004	8483
10973	8526
11018	8536
11058	8496
11077	8459
11033	8434
11037	8389
11085	8403
11121	8432
11129	8372
10985	8430
10934	8421
10888	8413
10839	8390
10809	8343
10764	8363
10751	8318
10715	8302
10694	8257
10650	8245
10664	8201
10716	8214
10718	8171
10720	8119
10681	8088
10674	8143
10625	8160
10606	8209
10573	8151
10540	8190
10436	8167
10439	8118
10387	8104
10335	8120
10333	8170
10347	8215
10399	8222
10417	8275
10413	8326
10414	8380
10387	8435
10410	8482
10456	8446
10473	8399
10471	8346
10530	8337
10639	8345
10659	8296
10694	8353
10726	8392
10675	8411
10625	8411
10578	8437
10473	8497
10358	8545
10347	8490
10296	8504
10307	8572
10250	8574
10210	8622
10170	8566
10198	8448
10256	8336
10210	8298
10224	8249
10274	8149
10279	8099
10386	8160
10361	8281
10045	8158
9995	8144
9953	8119
9964	8067
9915	8044
9911	8086
9900	8132
9942	8173
9893	8196
9859	8075
9849	8029
9799	8049
9748	8024
9694	8025
9625	8018
9644	8129
9578	8134
9400	8167
9358	8216
9311	8165
9248	8138
9239	8200
9296	8254
9358	8113
9360	8063
9312	8052
9287	8086
9225	8069
9169	8047
9112	8045
9114	8104
9184	8115
9152	8172
9051	8065
9260	8016
9354	8013
9898	8005
9959	8006
10011	8039
10016	8094
10060	8007
10020	8364
9799	8403
9656	8564
9993	8645
10094	8746
10150	8802
10105	8854
10021	8873
10026	8789
9951	8807
10231	8691
10274	8648
10332	8625
10376	8679
10315	8707
10296	8769
10330	8828
10350	8885
10322	8949
10389	8947
10430	9005
10497	8986
10460	8935
10536	8920
10574	8806
10539	8768
10493	8737
10541	8699
10585	8737
10628	8781
10641	8834
10699	8833
10690	8774
10724	8727
10685	8679
10653	8729
10658	8890
10784	8926
10844	8936
10812	8984
10864	9025
10809	9056
10747	9082
10719	9143
10697	9199
10735	9249
10706	9299
10753	9338
10719	9390
10703	9463
10637	9450
10564	9441
10582	9516
10587	9589
10655	9532
10703	9603
10779	9605
10851	9598
10830	9672
10788	9734
10738	9674
10658	9668
10614	9746
10698	9752
10739	9803
10728	9879
10802	9891
10820	9819
10892	9828
10963	9820
10945	9887
10877	9914
10821	9973
10886	10011
10950	10047
10998	10094
10966	10146
11024	10197
11050	10132
11111	10156
11134	10089
11125	10021
11091	9979
11085	9914
11116	9856
11152	9815
11160	9754
11182	9695
11222	9662
11265	9618
11262	9554
11318	9571
11334	9630
11395	9650
11402	9708
11458	9725
11517	9724
11571	9733
11603	9694
11640	9658
11657	9708
11704	9704
11743	9692
11709	9658
11691	9619
11654	9597
11606	9597
11589	9639
11554	9675
11508	9660
11454	9662
11483	9605
11507	9562
11524	9520
11573	9510
11624	9484
11666	9460
11714	9472
11718	9517
11749	9553
11780	9584
11799	9542
11810	9500
11763	9494
11760	9442
11805	9449
11814	9400
11860	9400
11844	9359
11803	9346
11789	9296
11741	9275
11684	9272
11694	9320
11645	9309
11605	9287
11557	9262
11516	9241
11470	9214
11413	9230
11357	9212
11352	9168
11307	9156
11288	9108
11347	9100
11397	9135
11420	9171
11472	9151
11525	9182
11579	9188
11594	9234
11647	9237
11653	9361
11670	9407
11716	9421
11706	9371
11745	9337
11757	9389
11860	9449
11860	9495
11856	9537
11834	9573
11844	9623
11807	9622
11765	9638
11735	9608
11702	9569
11666	9524
11620	9544
11562	9567
11540	9615
11431	9600
11381	9581
11386	9523
11420	9479
11444	9434
11491	9427
11528	9469
11478	9488
11454	9542
11318	9508
11347	9451
11283	9451
11226	9424
11265	9377
11321	9390
11355	9345
11306	9321
11248	9314
11245	9255
11280	9207
11306	9258
11357	9272
11404	9295
11410	9347
11454	9380
11463	9327
11458	9273
11518	9303
11557	9337
11602	9353
11614	9413
11579	9450
11544	9405
11507	9363
11398	9406
11240	9499
11191	9479
11157	9421
11108	9371
11129	9312
11185	9297
11176	9248
11153	9194
11182	9140
11125	9128
11098	9074
11037	9058
10981	9070
10923	9074
10936	9016
10992	8996
10897	8969
10865	9096
10850	9167
10800	9130
10775	9195
10829	9229
10795	9279
10827	9335
10867	9277
10931	9277
10912	9338
10879	9392
10853	9452
10920	9463
10956	9400
11009	9446
11061	9488
11121	9485
11166	9542
11204	9598
11137	9624
11116	9692
11051	9708
10990	9675
11051	9636
10988	9589
11036	9548
11100	9562
10980	9509
10914	9536
10829	9522
10754	9532
10776	9461
10797	9399
10647	9360
10579	9356
10572	9281
10645	9273
10618	9210
10577	9158
10513	9133
10445	9127
10397	9092
10322	9088
10261	9079
10201	9085
10126	9076
10073	9135
10011	9178
9984	9262
9983	9356
10052	9334
10116	9388
10131	9297
10192	9263
10259	9256
10327	9238
10333	9156
10407	9187
10463	9205
10526	9219
10490	9284
10412	9264
10416	9349
10504	9365
10470	9426
10410	9478
10427	9545
10388	9618
10311	9633
10217	9654
10231	9545
10142	9566
10175	9471
10079	9479
10015	9432
9934	9417
9900	9338
9816	9337
9785	9248
9874	9249
9777	9097
9591	9255
9445	9314
9964	9514
10036	9578
10083	9765
10139	9841
10288	10063
10265	10154
10172	10132
10374	10116
10542	10033
10590	10104
10668	10073
10738	10118
10754	10197
10762	10260
10697	10319
10666	10246
10657	10166
10581	10202
10590	10294
10625	10373
10697	10404
10778	10417
10774	10349
10850	10319
10868	10245
10891	10176
10819	10164
10884	10097
10816	10067
10749	10032
10730	9958
10643	9993
10648	9902
10643	9827
10566	9847
10521	9775
10464	9703
10560	9676
10488	9603
10508	9511
10328	9527
10349	9422
10266	9432
10224	9356
10321	9329
10239	9166
10152	9169
10090	9239
10206	9002
10242	8941
10270	8878
10286	9006
10361	9023
10481	9060
10639	9125
10897	9213
10959	9209
10996	9264
11048	9240
11023	9186
11085	9181
11050	9122
10986	9135
10924	9145
10989	9327
11052	9309
11031	9379
11076	9425
11197	9360
11112	9247
11216	9199
11247	9152
11436	9094
11435	8879
11096	8653
10941	8735
10890	8742
10890	8692
10843	8684
10851	8629
10826	8582
10890	8588
10915	8636
10831	8748
10876	8795
10492	8804
10371	8759
10783	8409
10794	8294
10750	8256
10910	8307
10925	9622
10917	9685
10954	9746
11023	9774
11093	9779
11043	9846
11018	9903
11013	9990
10942	9963
11059	10057
11188	10044
11244	10029
11294	9986
11306	9927
11328	9878
11387	9878
11383	9822
11371	9764
11430	9779
11492	9781
11545	9783
11564	9826
11603	9796
11626	9746
11661	9794
11656	9839
11701	9841
11728	9883
11711	9923
11715	9975
11688	10020
11692	10067
11671	10122
11651	10174
11606	10202
11551	10205
11581	10254
11593	10301
11601	10352
11570	10398
11528	10364
11483	10368
11444	10401
11386	10420
11323	10417
11273	10395
11213	10399
11204	10456
11228	10508
11235	10570
11297	10579
11298	10517
11343	10477
11400	10484
11424	10535
11412	10589
11440	10637
11492	10660
11520	10610
11473	10579
11494	10517
11544	10493
11576	10455
11629	10474
11677	10476
11726	10478
11766	10516
11721	10535
11689	10576
11696	10625
11739	10590
11773	10621
11815	10656
11780	10686
11733	10672
11715	10721
11701	10768
11703	10820
11660	10846
11651	10799
11648	10745
11607	10706
11556	10671
11580	10609
11631	10585
11630	10645
11679	10685
11780	10737
11752	10784
11799	10802
11847	10821
11892	10847
11923	10815
11946	10772
11988	10779
11973	10823
11947	10861
11980	10901
11940	10935
11950	10981
11906	11006
11952	11036
11999	11055
11996	11109
11961	11142
11927	11166
11900	11203
11852	11210
11811	11220
11762	11239
11728	11295
11740	11347
11712	11390
11762	11413
11789	11369
11839	11355
11867	11319
11915	11291
11929	11249
11978	11263
11961	11314
11990	11354
11960	11394
11931	11434
11895	11466
11851	11471
11804	11451
11841	11408
11890	11399
11922	11354
11984	11439
11992	11491
11948	11480
11915	11510
11876	11531
11897	11565
11931	11577
11977	11587
11956	11631
11916	11629
11877	11660
11909	11700
11950	11678
11960	11727
11917	11750
11869	11743
11816	11754
11773	11725
11773	11673
11747	11620
11695	11600
11660	11565
11694	11513
11736	11547
11780	11574
11832	11569
11871	11603
11821	11632
11831	11698
11836	11806
11898	11801
11898	11850
11950	11839
11990	11868
11948	11891
11926	11938
11975	11957
11958	12021
11996	12058
11946	12092
11916	12145
11960	12166
11996	12133
11957	12217
11931	12268
11970	12300
11907	12313
11862	12359
11910	12385
11958	12368
11997	12413
11974	12461
11949	12506
11887	12517
11819	12494
11848	12428
11794	12384
11755	12443
11709	12400
11744	12330
11712	12263
11656	12225
11590	12178
11514	12183
11515	12102
11549	12019
11625	11997
11670	12055
11734	12047
11728	12120
11661	12144
11608	12092
11718	11974
11670	11936
11730	11893
11780	11847
11836	11872
11881	11907
11856	11959
11847	12018
11790	11999
11793	11931
11716	11823
11760	11787
11714	11725
11658	11690
11701	11657
11615	11632
11592	11561
11541	11612
11482	11594
11416	11597
11453	11533
11408	11485
11365	11433
11426	11398
11424	11327
11491	11314
11550	11344
11609	11325
11562	11281
11507	11233
11559	11191
11614	11207
11666	11182
11719	11183
11769	11168
11820	11159
11870	11157
11910	11122
11951	11090
11907	11065
11855	11053
11849	11102
11792	11109
11747	11068
11704	11038
11646	11037
11606	10998
11579	10958
11634	10947
11675	10921
11714	10956
11674	10982
11756	11007
11801	11043
11850	10995
11808	10971
11764	10949
11747	10900
11705	10876
11752	10842
11795	10858
11845	10873
11851	10923
11805	10911
11888	10954
11902	10900
11997	10956
11883	10777
11835	10764
11873	10727
11829	10706
11864	10665
11906	10682
11954	10662
11987	10631
11940	10608
11950	10563
11923	10534
11964	10505
11931	10479
11942	10433
11912	10401
11879	10375
11902	10332
11948	10320
11972	10281
11971	10241
11939	10201
11979	10186
11945	10150
11897	10147
11922	10104
11910	10055
11936	10019
11964	9986
11989	10026
11962	10060
11975	10103
11862	10099
11847	10149
11831	10194
11800	10236
11767	10203
11740	10245
11691	10259
11645	10245
11694	10209
11722	10163
11730	10119
11763	10081
11807	10113
11782	10154
11820	10064
11858	10042
11884	10002
11915	9977
11947	9942
11976	9903
11996	9861
11951	9859
11919	9893
11894	9931
11859	9963
11816	9943
11846	9911
11867	9872
11903	9843
11936	9804
11932	9756
11897	9737
11855	9744
11822	9728
11783	9729
11744	9745
11776	9786
11723	9793
11685	9753
11756	9844
11809	9832
11855	9820
11889	9787
11832	9778
11865	9697
11896	9680
11928	9652
11959	9625
11931	9594
11888	9591
11898	9547
11903	9508
11945	9499
11985	9480
11982	9525
11948	9551
11990	9584
11968	9672
11934	9705
11972	9721
11974	9770
11985	9817
11996	9951
11823	10000
11786	10028
11738	10027
11769	9973
11767	9920
11804	9880
11664	9892
11612	9857
11596	9902
11621	9943
11665	9959
11626	10004
11586	10039
11569	10086
11628	10082
11600	10145
11539	10140
11485	10136
11432	10170
11372	10162
11370	10092
11432	10096
11403	10037
11420	9979
11482	9962
11489	9902
11433	9914
11370	9937
11355	9999
11313	10051
11312	10121
11302	10186
11253	10156
11216	10203
11155	10217
11092	10228
11034	10268
11002	10330
11067	10345
11123	10298
11188	10337
11198	10278
11269	10251
11338	10237
11336	10298
11394	10296
11401	10356
11457	10314
11454	10253
11400	10227
11492	10199
11515	10255
11533	10305
11646	10309
11705	10315
11750	10295
11780	10338
11773	10383
11800	10418
11827	10379
11838	10335
11860	10294
11858	10244
11886	10201
11919	10239
11909	10283
11810	10287
11724	10365
11668	10367
11684	10423
11628	10413
11741	10424
11788	10467
11840	10461
11853	10421
11892	10448
11884	10491
11869	10531
11835	10564
11840	10610
11893	10622
11884	10578
11825	10510
11786	10562
11662	10529
11602	10530
11542	10555
11458	10468
11515	10433
11358	10539
11357	10603
11373	10662
11329	10702
11302	10760
11356	10765
11413	10765
11464	10787
11521	10809
11560	10845
11611	10838
11631	10888
11580	10899
11524	10894
11517	10959
11510	11020
11565	11035
11610	11081
11618	11142
11671	11105
11724	11125
11693	11240
11634	11264
11681	11322
11649	11381
11636	11437
11693	11452
11753	11482
11809	11516
11962	11531
11958	11786
11912	11991
11908	12039
11885	12083
11855	12126
11799	12127
11812	12068
11827	12189
11852	12250
11897	12210
11835	12309
11790	12266
11751	12196
11657	12332
11594	12280
11556	12358
11506	12286
11440	12239
11413	12146
11413	12059
11462	12000
11393	11955
11429	11885
11487	11828
11556	11853
11595	11789
11606	11723
11543	11680
11468	11679
11393	11669
11375	11735
11436	11772
11521	11757
11668	11774
11650	11854
11589	11921
11513	11929
11346	11829
11291	11779
11211	11797
11207	11701
11286	11697
11325	11616
11359	11544
11315	11486
11231	11456
11219	11376
11196	11313
11240	11261
11227	11198
11223	11126
11265	11065
11208	11042
11159	11069
11105	11099
11089	11025
11019	11054
11018	10980
11037	10896
10970	10875
10899	10856
10922	10940
10876	11004
10939	11069
10926	11159
10889	11231
10805	11207
10819	11300
10822	11395
10924	11428
10918	11332
11001	11364
11098	11366
11140	11440
11048	11460
10983	11521
11014	11614
10918	11618
10844	11723
10945	11760
11021	11713
11127	11726
11113	11816
11025	11836
10918	11883
10887	11980
10927	12080
11036	12075
11154	12055
11189	12162
11300	12105
11325	12011
11239	11981
11205	11898
11307	11895
11108	11935
11005	11959
10813	12093
10719	12118
10771	12221
10744	12312
10711	12378
10644	12395
10663	12324
10671	12233
10598	12124
10534	12026
10537	11913
10419	11963
10320	11853
10431	11800
10582	11787
10554	11658
10659	11569
10549	11511
10628	11423
10529	11367
10454	11270
10343	11279
10244	11368
10243	11523
10350	11654
10424	11545
10393	11411
10577	11248
10699	11227
10714	11336
10741	11469
10854	11504
10781	11611
10709	11723
10784	11857
10681	11885
10760	11985
10647	12010
10903	12195
10960	12276
11007	12348
11078	12392
11095	12478
11077	12560
11011	12530
10930	12520
10914	12447
10907	12374
10857	12304
10801	12371
10809	12442
10846	12516
10999	12446
11112	12303
11230	12288
11317	12216
11362	12313
11308	12395
11189	12409
11188	12530
11282	12512
11272	12612
11344	12642
11370	12562
11446	12593
11502	12516
11525	12440
11445	12370
11414	12468
11555	12603
11521	12676
11598	12676
11680	12681
11762	12667
11725	12606
11749	12545
11701	12497
11612	12511
11651	12586
11632	12426
11818	12574
11877	12595
11938	12571
11966	12622
11919	12658
11886	12710
11950	12720
11981	12774
11946	12819
11935	12879
11938	12932
11990	12934
11999	12987
11949	13006
11904	12973
11894	13027
11868	13077
11887	13133
11937	13132
11980	13117
11995	13057
11931	13071
11836	13130
11792	13156
11785	13210
11835	13239
11841	13292
11831	13345
11787	13334
11775	13279
11729	13238
11685	13213
11641	13190
11587	13201
11568	13146
11532	13105
11588	13082
11599	13027
11632	12976
11666	13022
11718	13019
11770	13036
11825	13019
11841	12964
11808	12918
11809	12855
11823	12793
11817	12735
11835	12657
11735	12745
11752	12821
11689	12808
11665	12877
11608	12834
11557	12888
11602	12924
11567	12969
11518	12947
11483	13001
11434	13035
11390	13003
11383	12954
11354	12912
11304	12918
11253	12930
11214	12958
11168	12956
11131	12929
11114	12886
11154	12861
11127	12824
11180	12810
11233	12822
11212	12870
11186	12910
11125	12980
11136	13035
11180	13009
11230	13008
11237	13062
11285	13034
11281	12978
11334	12972
11341	13023
11336	13081
11381	13071
11426	13102
11418	13158
11380	13192
11419	13227
11464	13197
11477	13139
11521	13174
11523	13227
11527	13277
11557	13318
11592	13359
11581	13420
11637	13405
11634	13459
11577	13482
11590	13529
11642	13529
11700	13547
11692	13484
11737	13439
11694	13405
11751	13383
11715	13329
11687	13280
11633	13246
11578	13265
11626	13304
11659	13352
11521	13375
11477	13326
11420	13305
11386	13272
11345	13236
11290	13245
11253	13207
11229	13164
11244	13118
11287	13093
11291	13153
11317	13187
11353	13138
11479	13071
11533	13037
11447	12949
11411	12899
11478	12892
11450	12834
11458	12773
11447	12701
11390	12713
11365	12782
11386	12834
11329	12849
11291	12803
11241	12765
11246	12707
11183	12728
11131	12714
11090	12687
11044	12711
11040	12631
11122	12622
11188	12641
11139	12769
11271	12868
11311	12727
11525	12824
11545	12752
11632	12753
11736	12890
11695	12944
11765	12966
11805	13082
11753	13103
11703	13086
11652	13080
11622	13132
11673	13142
11731	13163
11862	13190
11914	13189
11967	13183
11952	13240
11954	13293
11971	13344
11994	13374
11981	13429
11975	13480
11959	13528
11924	13495
11925	13447
11889	13415
11873	13367
11920	13348
11893	13312
11898	13250
11940	13396
11858	13458
11877	13506
11905	13550
11886	13596
11840	13601
11797	13587
11830	13546
11816	13500
11760	13493
11765	13544
11735	13603
11674	13607
11615	13599
11552	13578
11522	13525
11456	13516
11415	13463
11379	13409
11357	13351
11303	13362
11239	13349
11237	13407
11210	13467
11276	13490
11295	13551
11342	13608
11404	13625
11452	13675
11526	13657
11592	13671
11653	13674
11713	13676
11764	13691
11822	13696
11866	13722
11896	13686
11945	13690
11968	13654
11998	13616
11986	13571
11946	13598
11916	13635
11858	13650
11795	13641
11778	13750
11728	13753
11676	13775
11623	13738
11597	13801
11646	13838
11706	13889
11734	13825
11801	13812
11853	13844
11877	13790
11831	13758
11913	13744
11962	13741
11994	13706
11951	13792
11919	13829
11906	13886
11964	13871
11995	13816
11945	13933
11901	13960
11910	14021
11932	14069
11986	14077
11997	14132
11965	14179
11980	14228
11931	14248
11873	14237
11908	14182
11934	14128
11866	14128
11836	14179
11790	14136
11807	14074
11834	14023
11831	13968
11847	13910
11779	13882
11769	13947
11762	14014
11727	14072
11702	14125
11729	14181
11731	14241
11754	14300
11724	14361
11672	14402
11708	14449
11689	14496
11681	14550
11700	14604
11667	14640
11660	14690
11674	14739
11622	14741
11595	14781
11645	14790
11698	14797
11725	14756
11722	14712
11729	14662
11760	14619
11811	14647
11785	14683
11773	14729
11797	14776
11762	14805
11728	14844
11754	14889
11747	14930
11752	14971
11713	14996
11714	15036
11691	15072
11643	15084
11619	15124
11655	15158
11680	15121
11728	15123
11741	15079
11781	15061
11769	15019
11819	15008
11834	15049
11826	15096
11780	15111
11770	15153
11792	15196
11746	15200
11709	15171
11666	15203
11634	15231
11585	15225
11563	15272
11523	15243
11538	15195
11503	15159
11524	15113
11522	15069
11523	15019
11567	15030
11605	15050
11581	15088
11568	15142
11610	15179
11613	15276
11638	15319
11636	15362
11641	15409
11684	15387
11724	15364
11766	15355
11770	15402
11782	15447
11809	15478
11848	15507
11891	15517
11906	15557
11951	15546
11996	15537
11980	15497
11940	15490
11902	15473
11856	15457
11825	15414
11865	15386
11898	15358
11932	15391
11957	15361
11986	15399
11991	15447
11943	15438
11895	15420
11818	15362
11805	15314
11759	15300
11711	15299
11684	15329
11665	15272
11703	15235
11744	15252
11790	15257
11830	15227
11849	15185
11891	15173
11862	15133
11905	15121
11936	15092
11978	15062
11986	15109
11993	15160
11942	15149
11939	15193
11938	15237
11945	15280
11920	15316
11892	15277
11889	15229
11840	15272
11859	15324
11978	15313
11992	15266
11997	15214
11878	15075
11880	15018
11929	15038
11931	14992
11891	14960
11848	14973
11841	14926
11806	14901
11782	14854
11822	14818
11848	14861
11898	14855
11891	14815
11916	14782
11952	14760
11994	14742
11995	14796
11948	14825
11939	14880
11977	14900
11935	14938
11975	14958
11982	15007
11888	14903
11799	14955
11697	14953
11700	14901
11653	14917
11644	14871
11676	14846
11612	14836
11558	14838
11515	14867
11504	14912
11552	14906
11596	14893
11594	14941
11565	14975
11521	14960
11462	14948
11415	14974
11414	14915
11393	14868
11438	14836
11489	14827
11453	14784
11497	14751
11532	14790
11556	14741
11587	14702
11610	14651
11569	14618
11514	14604
11478	14644
11529	14683
11462	14710
11414	14735
11357	14750
11308	14769
11269	14724
11302	14668
11354	14696
11360	14629
11362	14571
11406	14529
11443	14587
11489	14531
11516	14470
11566	14496
11559	14553
11628	14581
11627	14513
11620	14444
11561	14400
11614	14354
11588	14284
11528	14331
11494	14262
11481	14185
11558	14202
11556	14123
11555	14059
11506	14001
11523	13926
11573	13872
11636	13918
11601	13985
11666	14029
11695	13967
11627	14088
11631	14166
11646	14228
11675	14303
11805	14348
11859	14354
11918	14355
11949	14398
11941	14447
11903	14468
11860	14449
11825	14413
11767	14419
11806	14474
11804	14529
11810	14584
11848	14609
11866	14563
11899	14522
11856	14506
11944	14505
11965	14542
11924	14566
11963	14594
11985	14643
11977	14689
11943	14711
11908	14683
11932	14642
11898	14607
11870	14654
11847	14695
11826	14730
11861	14772
11896	14731
11744	14558
11753	14492
11896	14409
11982	14360
11964	14308
11907	14302
11838	14293
11803	14237
11874	14069
11967	14018
11987	13973
11998	14417
11983	14476
11481	14394
11443	14338
11382	14307
11311	14337
11296	14424
11230	14466
11227	14546
11306	14525
11300	14596
11243	14627
11218	14682
11151	14689
11094	14650
11114	14574
11046	14575
10981	14610
11023	14687
10948	14700
10890	14642
10854	14728
10911	14789
10888	14862
10912	14930
10885	15006
10828	15055
10824	15117
10763	15126
10701	15137
10620	15131
10550	15083
10512	15153
10574	15213
10660	15216
10734	15217
10806	15205
10875	15184
10866	15255
10925	15296
10923	15359
10898	15418
10898	15485
10829	15483
10821	15412
10768	15358
10747	15437
10758	15510
10807	15554
10868	15568
10825	15626
10814	15687
10761	15713
10699	15704
10654	15759
10617	15704
10607	15638
10539	15644
10532	15718
10580	15769
10564	15831
10623	15831
10648	15874
10700	15876
10754	15894
10807	15882
10852	15867
10882	15838
10926	15815
10964	15851
10922	15873
10944	15915
10985	15937
11025	15963
11048	15920
11004	15891
11026	15841
10996	15805
11021	15758
11059	15778
11072	15827
11071	15871
11101	15914
11135	15947
11121	15986
11078	15965
11157	15910
11204	15917
11222	15880
11251	15911
11293	15899
11319	15933
11328	15976
11376	15977
11364	15937
11389	15900
11401	15860
11422	15825
11404	15786
11352	15784
11311	15805
11312	15850
11266	15852
11223	15836
11212	15795
11202	15747
11251	15750
11229	15702
11272	15690
11298	15643
11348	15651
11385	15617
11431	15599
11482	15588
11506	15629
11505	15676
11468	15709
11425	15738
11373	15735
11398	15687
11445	15655
11525	15726
11570	15737
11599	15697
11557	15673
11567	15624
11608	15647
11648	15668
11694	15674
11723	15709
11766	15722
11806	15750
11823	15709
11800	15666
11757	15672
11730	15634
11736	15584
11774	15555
11809	15528
11763	15505
11735	15471
11724	15424
11681	15448
11626	15457
11645	15503
11608	15530
11647	15554
11688	15567
11727	15535
11692	15505
11584	15485
11534	15498
11532	15453
11543	15408
11532	15367
11537	15315
11496	15324
11447	15333
11395	15344
11351	15374
11326	15419
11277	15440
11222	15463
11259	15503
11211	15529
11256	15558
11292	15586
11336	15595
11382	15548
11376	15489
11424	15498
11446	15544
11502	15539
11540	15583
11561	15536
11592	15576
11633	15605
11682	15618
11781	15614
11830	15626
11860	15656
11877	15686
11918	15704
11963	15705
11996	15675
11984	15637
11946	15660
11904	15637
11877	15602
11858	15561
11820	15579
11940	15604
11991	15593
11984	15752
11938	15752
11946	15796
11914	15823
11886	15852
11848	15823
11805	15799
11766	15818
11764	15863
11805	15854
11847	15881
11886	15908
11887	15956
11925	15962
11948	15990
11989	15987
11969	15942
11937	15917
11931	15877
11964	15844
11992	15809
11983	15897
11899	16000
11841	15945
11807	15909
11789	15950
11810	15993
11744	15979
11730	15938
11760	15907
11714	15892
11723	15849
11709	15809
11663	15780
11612	15784
11620	15744
11662	15720
11706	15751
11756	15770
11848	15771
11871	15736
11894	15780
11674	15851
11635	15824
11614	15866
11649	15893
11622	15931
11649	15970
11697	15982
11684	15928
11598	15988
11559	15998
11525	15955
11485	15976
11475	15934
11480	15894
11435	15898
11422	15944
11432	15982
11529	15906
11523	15859
11565	15862
11581	15900
11575	15944
11582	15822
11544	15783
11510	15815
11460	15793
11489	15757
11465	15848
11360	15833
11342	15887
11278	15954
11225	15959
11176	15961
11178	15866
11164	15827
11125	15861
11111	15794
11117	15748
11154	15723
11179	15693
11204	15658
11243	15622
11195	15597
11149	15636
11116	15678
11093	15625
11129	15584
11150	15546
11153	15494
11163	15431
11106	15433
11105	15371
11117	15309
11082	15260
11094	15198
11123	15147
11187	15160
11210	15096
11250	15132
11299	15102
11263	15059
11236	15008
11293	14996
11294	14942
11328	14894
11331	14832
11393	14799
11462	14887
11469	15005
11421	15037
11382	15074
11411	15123
11442	15169
11468	15118
11467	15068
11364	15010
11324	15045
11352	15132
11311	15175
11251	15195
11284	15245
11333	15236
11378	15241
11381	15189
11429	15227
11475	15216
11472	15274
11413	15283
11355	15300
11302	15307
11245	15289
11234	15342
11227	15405
11173	15365
11178	15306
11207	15238
11146	15235
11025	15214
11009	15274
10984	15332
11056	15323
11041	15387
11043	15447
11032	15510
10996	15554
11020	15600
11072	15571
11090	15505
10970	15476
10975	15410
10937	15543
10941	15610
10888	15641
10875	15706
10830	15744
10786	15782
10812	15829
10750	15839
10729	15784
10682	15820
10648	15931
10668	15983
10722	15991
10710	15939
10765	15952
10820	15932
10866	15969
10917	15955
10884	15913
10818	15994
10970	15983
10863	15792
10908	15755
10961	15762
11002	15715
10989	15653
11049	15663
11073	15718
11161	15775
11266	15801
11307	15750
11330	15700
11317	15529
11324	15479
11381	15432
11434	15447
11478	15426
11480	15379
11421	15391
11481	15481
11588	15420
11585	15368
11587	15321
11820	15149
11651	15034
11667	14999
11635	14963
11609	14999
11357	14954
11258	14880
11193	14899
11231	14943
11178	14973
11119	14997
11059	14962
11035	15020
10972	14994
10993	14926
10978	14858
10991	14780
11059	14812
11067	14887
11132	14923
11134	14843
11203	14827
11260	14808
11207	14755
11139	14768
11085	14737
11176	14613
11149	14508
11078	14472
11001	14506
10921	14478
10917	14545
10819	14566
10733	14575
10745	14485
10835	14469
10811	14391
10738	14375
10690	14287
10602	14257
10665	14191
10754	14134
10844	14145
10956	14128
11039	14199
11122	14238
11144	14320
11229	14292
11224	14380
11157	14420
11070	14376
10997	14408
10910	14397
10876	14326
10923	14250
11013	14307
11117	14121
11153	14021
11246	13981
11228	13899
11162	13825
11068	13788
11022	13881
11116	13919
11041	14041
10959	13961
10875	14012
10786	14026
10677	14048
10579	14080
10524	14173
10432	14263
10330	14277
10235	14340
10222	14450
10322	14420
10431	14391
10442	14484
10437	14567
10475	14643
10430	14742
10398	14825
10482	14848
10532	14908
10554	14990
10622	14946
10703	14962
10739	15043
10795	14980
10822	14917
10740	14875
10814	14821
10770	14743
10794	14661
10693	14665
10624	14714
10595	14640
10642	14560
10541	14550
10539	14448
10619	14371
10650	14453
10519	14335
10389	14142
10283	14114
10273	14002
10275	13876
10403	13926
10433	14041
10541	13970
10634	13924
10737	13916
10746	13833
10649	13766
10732	13715
10810	13673
10846	13757
10950	13785
10918	13675
10917	13575
11004	13583
10970	13505
10936	13442
10901	13378
10966	13359
11024	13389
11062	13339
11081	13280
11087	13218
11046	13176
10982	13194
10930	13196
10888	13232
10837	13266
10775	13238
10718	13243
10670	13255
10616	13241
10557	13265
10525	13318
10535	13384
10543	13464
10483	13532
10414	13471
10391	13571
10373	13677
10276	13734
10166	13777
10026	13812
9976	13929
10037	14030
10038	14150
9975	14243
10010	14348
9912	14364
9913	14468
9911	14561
9917	14676
9992	14759
10110	14728
10186	14764
10243	14678
10154	14619
10139	14522
10030	14502
10038	14625
10255	14551
10348	14546
10362	14659
10307	14777
10283	14866
10285	14964
10384	14932
10467	14983
10450	15060
10423	15151
10397	15249
10486	15249
10534	15310
10513	15387
10522	15469
10610	15464
10680	15495
10640	15569
10572	15545
10508	15561
10430	15562
10430	15485
10425	15413
10430	15334
10328	15378
10334	15473
10350	15572
10279	15610
10309	15684
10308	15749
10267	15820
10319	15878
10387	15893
10399	15947
10412	15994
10466	15953
10512	15971
10524	15917
10506	15864
10447	15898
10436	15825
10504	15793
10456	15729
10393	15758
10355	15818
10256	15915
10204	15935
10140	15925
10096	15876
10027	15829
9936	15806
9842	15796
9759	15865
9808	15938
9894	15900
9936	15974
10006	15923
10078	15970
10179	15998
10248	15989
10325	15956
10182	15843
10126	15777
10120	15701
10037	15650
10004	15733
9888	15683
9936	15553
9999	15441
10092	15463
10069	15557
10153	15594
10216	15667
10221	15744
10385	15666
10453	15637
10681	15635
10727	15573
10760	15635
10938	15703
10852	15336
10796	15278
10702	15303
10621	15288
10610	15378
10687	15392
10948	15236
10949	15155
10898	15099
10955	15064
11017	15088
11041	15143
11093	15072
11148	15086
11182	15038
11292	15372
11411	14659
11358	14475
11393	14408
11446	14470
11404	14232
11311	14244
11313	14158
11399	14132
11477	14093
11419	14029
11340	13973
11330	13886
11366	13800
11424	13842
11501	13840
11458	13759
11535	13742
11379	13713
11312	13693
11267	13625
11200	13644
11208	13563
11137	13523
11066	13517
11032	13453
11093	13397
11124	13450
11173	13382
11132	13331
11184	13299
11143	13257
11211	13243
11249	13287
11324	13293
11423	13365
11466	13412
11509	13456
11479	13584
11389	13550
11355	13493
11316	13434
11470	13262
11800	13440
11825	13403
11876	12907
11877	12844
11902	12773
11995	12675
11925	12438
11060	12193
11109	11631
11102	11534
11185	11531
11255	11556
11216	11618
11297	11397
11353	11356
11357	11290
11371	11218
11367	11153
11301	11153
11327	11088
11391	11085
11443	11118
11497	11157
11554	11123
11503	11081
11454	11044
11398	11022
11442	10971
11460	10914
11405	10911
11360	10961
11324	11017
11265	10993
11283	10927
11339	10889
11334	10823
11275	10834
11232	10874
11189	10818
11128	10785
11091	10735
11023	10734
11030	10800
11096	10845
11157	10884
11206	10946
11158	10988
11098	10942
11019	11131
11082	11180
11160	11166
11141	11262
11045	11277
10985	11224
10843	11110
10869	10771
10951	10779
10911	10697
10968	10668
11030	10659
11092	10664
11159	10679
11183	10734
11239	10763
11260	10692
11302	10643
11220	10637
11148	10606
11176	10547
11115	10538
11077	10488
11036	10534
10997	10587
10926	10584
10857	10596
10788	10545
10739	10481
10647	10488
10564	10475
10836	10473
10890	10506
10931	10442
10933	10369
10935	10295
10948	10226
11015	10398
11015	10459
10967	10513
11075	10597
11144	10460
11086	10421
11141	10380
11260	10331
11330	10361
11277	10460
11424	10703
11488	10725
11539	10745
11589	10781
11471	10852
11408	10836
11434	11185
11431	11256
11305	11238
11278	11315
11499	11390
11487	11467
11525	11528
11563	11473
11583	11403
11633	11497
11791	11310
11823	11274
11876	11257
11962	11208
11926	10731
11968	10714
11998	10532
11984	10462
11988	10409
11955	10373
11991	10347
11575	9983
11525	10009
11465	10030
11509	10074
11549	9933
11541	9872
11495	9836
11439	9844
11319	9814
11290	9761
11238	9740
11218	9804
11260	9833
11264	9891
11232	9952
11180	9980
11151	9926
11195	9875
11284	9681
11338	9711
11249	10095
11188	10137
10851	10403
10567	9942
10875	9749
11790	9678
11834	9673
11880	9637
11911	9465
11901	9427
11920	9396
11934	9356
11887	9357
11903	9311
11938	9281
11939	9243
11978	9218
11984	9264
11965	9318
11968	9390
11997	9430
11953	9441
11853	9306
11888	9261
9955	10395
9999	10498
9835	10417
9719	10418
9611	10383
10240	11047
9945	11734
9950	11853
9844	11923
9888	12026
9738	12008
9602	12045
9546	12144
9468	12200
9372	12148
9287	12195
9272	12269
9199	12227
9274	12103
9334	12032
9395	11940
9517	11968
9455	12065
9494	11855
9615	11894
9738	11822
9374	12268
9165	12638
9205	12708
9332	12865
8904	13165
8918	13343
9007	13387
9074	13440
9100	13359
9018	13520
8931	13591
8914	13459
8805	13487
8818	13363
8704	13347
8648	13230
8549	13152
8432	13185
8522	12895
8510	12776
8519	12672
8606	12616
8617	12515
8634	12428
8526	12411
8416	12372
8401	12487
8527	12539
8409	12631
8388	12752
8618	12792
8640	12712
8678	12975
8264	12502
8281	12378
8280	12089
8369	12033
8357	11902
8254	11891
8139	11872
8029	11917
8056	12014
8196	12011
8158	12112
7900	11943
7605	11632
7462	11631
7351	11559
7313	11666
7205	11675
7215	11537
7096	11571
6992	11477
6884	11431
6788	11402
6702	11311
6789	11271
6678	11213
6682	11129
6644	11068
6664	10987
6709	10904
6689	10830
6630	10790
6696	10742
6779	10707
6744	10624
6806	10586
6746	10536
6674	10556
6599	10541
6550	10518
6535	10464
6576	10431
6557	10382
6596	10353
6589	10307
6602	10265
6657	10230
6676	10276
6656	10331
6725	10325
6701	10388
6630	10398
6672	10464
6605	10477
6550	10585
6612	10612
6673	10653
6861	10669
6901	10579
6916	10489
6891	10418
6849	10359
6773	10381
6815	10438
6746	10461
6835	10508
6973	10398
6942	10329
6876	10278
6942	10240
6988	10163
6913	10147
6862	10197
6798	10222
6759	10186
6729	10245
6684	10186
6707	10145
6674	10114
6645	10080
6643	10032
6699	10042
6714	10090
6771	10120
6826	10137
6832	10062
6895	10070
6870	10008
6807	9997
6787	9939
6742	9981
6767	10051
6730	9898
6739	9844
6687	9846
6647	9818
6650	9767
6662	9728
6716	9732
6710	9677
6769	9699
6782	9746
6757	9791
6699	9787
6606	9787
6639	9597
6684	9567
6771	9650
6823	9641
6887	9651
6926	9704
6848	9712
6881	9778
6820	9811
6785	9875
6958	10009
6978	10086
7039	10067
7054	9995
7130	10038
7146	9945
7073	9905
7142	9838
7213	9803
7216	9896
7299	9939
7300	9854
7308	9785
7377	9735
7453	9729
7522	9709
7608	9766
7600	9853
7523	9816
7444	9821
7374	9844
7403	9921
7488	9933
7578	9938
7674	9911
7759	9882
7862	9884
7859	9784
7785	9775
7691	9803
7782	9991
7709	10094
7657	10014
7550	10045
7452	10039
7360	10005
7366	10096
7275	10059
7201	10107
7280	10164
7287	10259
7225	10312
7147	10383
7071	10391
7027	10291
7110	10287
7058	10202
7098	10128
7177	10204
7371	10201
7378	10294
7342	10388
7238	10417
7260	10510
7356	10539
7455	10476
7559	10518
7600	10418
7697	10331
7588	10278
7494	10242
7476	10148
7587	10149
7742	10205
7823	10120
7907	10014
8037	10012
8009	10118
7945	10208
8016	10321
8110	10322
8170	10362
8232	10351
8279	10290
8274	10223
8216	10197
8208	10272
8116	10226
8124	10114
8237	10106
8186	10016
8108	9910
8053	9789
8131	9773
8231	9771
8315	9701
8388	9682
8456	9644
8444	9746
7960	9771
7881	9693
7973	9901
7845	10321
7776	10432
7675	10539
7716	10634
7672	10755
7635	10861
7718	10948
7661	11063
7776	11112
7862	11177
7973	11156
7952	11044
7854	11008
7726	11239
7639	11331
7573	11212
7513	11112
7555	10994
7495	10875
7546	10761
7427	10733
7459	10600
7573	10639
7312	10648
7214	10601
7162	10692
7171	10815
7066	10793
6972	10827
6884	10876
6797	10905
6783	10807
6866	10770
6955	10705
7039	10680
7003	10575
7012	10485
7095	10579
7139	10493
7289	10766
7354	10867
7233	10942
7121	10938
7010	10932
7052	11051
7160	11070
7261	11148
7278	11274
7129	11253
7032	11184
6926	11208
6914	11306
7040	11342
7144	11413
7339	11424
7460	11479
7572	11461
7714	11536
7777	11386
7889	11339
7993	11284
8247	11268
8408	11373
8516	11505
8517	11630
8376	11580
8235	11562
7445	11763
7447	11876
7039	11873
6888	11874
6793	11790
6665	11619
6759	11575
6699	11501
6845	11534
6521	11472
6487	11555
6403	11777
6141	11857
6108	11826
6061	11845
6029	11877
6055	11913
6092	11944
6141	11955
6138	11906
6091	11880
6064	11797
6023	11817
6010	11931
6045	11966
6014	11989
6075	12000
6044	12048
6005	12079
6080	12149
6120	12122
6140	12077
6159	12042
6005	12261
6005	12351
6020	12394
6474	12321
6494	12258
6571	12229
6566	12298
6822	12297
6922	12130
6954	12522
6814	12643
6821	12781
6843	12826
6672	12725
6536	12711
6767	13482
6883	13453
7021	13629
7096	13690
7204	13723
7131	13818
7138	13928
7209	14002
7215	14138
7100	14221
7032	14134
7074	14040
6952	14056
6875	14094
6792	14066
6759	13989
6744	13910
6659	13894
6590	13951
6607	14037
6558	14074
6554	14142
6595	14209
6523	14221
6470	14180
6407	14145
6404	14224
6460	14258
6445	14323
6499	14313
6483	14373
6483	14426
6436	14445
6421	14391
6354	14409
6380	14452
6333	14457
6293	14428
6283	14480
6305	14522
6347	14514
6398	14501
6440	14528
6470	14571
6437	14604
6428	14647
6418	14703
6460	14738
6410	14759
6367	14733
6315	14714
6308	14766
6304	14810
6255	14815
6221	14781
6211	14732
6203	14691
6178	14655
6137	14667
6158	14712
6115	14729
6068	14722
6081	14681
6052	14648
6017	14624
6013	14572
6014	14524
6051	14485
6080	14446
6061	14400
6022	14372
6025	14323
6006	14274
6133	14318
6175	14279
6324	14318
6480	14488
6510	14528
6540	14587
6498	14634
6473	14682
6544	14708
6587	14760
6566	14818
6553	14885
6492	14910
6452	14875
6401	14853
6398	14809
6352	14789
6349	14838
6339	14887
6388	14906
6383	14957
6337	14941
6294	14965
6256	14997
6248	15041
6208	15022
6204	14978
6244	14942
6206	14924
6188	14883
6206	14839
6167	14813
6143	14857
6114	14821
6127	14779
6174	14762
6267	14749
6258	14696
6226	14646
6142	14616
6101	14631
6119	14576
6067	14582
6076	14535
6111	14491
6141	14524
6130	14445
6020	14434
6018	14700
6014	14764
6076	14770
6058	14813
6014	14830
6056	14865
6097	14886
6144	14908
6151	14955
6156	15012
6115	15041
6103	14988
6090	14938
6044	14970
6003	15004
6054	15030
6013	15070
6030	15123
6076	15089
6102	15141
6080	15186
6023	15183
6007	15268
6070	15277
6124	15248
6159	15285
6211	15293
6227	15247
6189	15222
6202	15170
6164	15140
6139	15090
6179	15058
6204	15099
6259	15085
6307	15067
6305	15015
6354	14999
6365	15047
6404	15081
6457	15095
6455	15041
6416	15004
6482	14984
6539	14962
6584	15008
6527	15049
6506	15119
6566	15112
6615	15073
6642	15139
6577	15176
6513	15182
6462	15210
6444	15259
6495	15254
6482	15307
6507	15356
6566	15360
6604	15388
6627	15452
6573	15458
6539	15415
6489	15459
6523	15491
6569	15516
6625	15514
6647	15564
6657	15616
6712	15618
6682	15671
6692	15723
6638	15738
6626	15689
6578	15711
6583	15763
6566	15808
6515	15800
6527	15754
6519	15708
6550	15664
6552	15615
6501	15610
6493	15659
6447	15627
6434	15673
6391	15698
6357	15732
6306	15746
6326	15802
6383	15788
6417	15756
6455	15793
6469	15853
6419	15845
6444	15904
6471	15960
6519	15965
6558	15992
6612	15969
6651	15999
6699	15971
6662	15940
6647	15880
6665	15836
6709	15830
6725	15780
6762	15751
6798	15717
6744	15689
6789	15635
6761	15576
6761	15506
6818	15535
6859	15594
6920	15616
6992	15627
7004	15715
6927	15693
6872	15743
6815	15784
6764	15822
6810	15850
6838	15911
6788	15917
6776	15970
6735	15938
6742	15880
6696	15888
6606	15906
6559	15927
6511	15903
6521	15849
6562	15864
6606	15843
6627	15794
6676	15777
6601	15640
6591	15572
6522	15558
6467	15524
6456	15575
6405	15548
6370	15505
6322	15516
6270	15532
6246	15482
6267	15429
6216	15419
6244	15365
6195	15347
6158	15394
6099	15408
6118	15341
6028	15347
6017	15418
6001	15500
6018	15573
6105	15555
6100	15482
6170	15465
6207	15533
6240	15589
6308	15575
6351	15572
6389	15603
6380	15644
6319	15627
6327	15683
6239	15686
6167	15722
6129	15794
6178	15878
6233	15804
6282	15871
6327	15953
6379	15899
6418	15976
6245	15957
6149	15978
6074	15905
6031	15803
6068	15716
6077	15640
6170	15613
6313	15457
6372	15451
6357	15398
6309	15396
6315	15340
6272	15315
6270	15274
6303	15229
6348	15221
6354	15164
6307	15176
6303	15126
6351	15103
6403	15147
6455	15156
6406	15204
6392	15259
6368	15308
6378	15349
6410	15397
6430	15445
6425	15490
6472	15405
6442	15353
6427	15309
6330	15285
6253	15200
6247	15137
6138	15194
6038	14914
6244	14878
6293	14859
6285	14913
6441	14938
6498	14841
6456	14803
6507	14766
6581	14648
6621	14595
6668	14637
6714	14603
6740	14529
6702	14458
6637	14443
6610	14386
6565	14350
6548	14413
6564	14469
6583	14529
6659	14529
6682	14377
6697	14300
6628	14289
6557	14285
6685	14205
6775	14161
6785	14241
6780	14340
6867	14306
6887	14401
6792	14433
6822	14517
6928	14501
6904	14609
6804	14624
6750	14700
6779	14787
6710	14850
6633	14864
6607	14938
6690	14936
6666	15004
6688	15068
6732	15127
6695	15193
6625	15227
6556	15246
6539	15303
6600	15298
6660	15340
6682	15280
6758	15330
6773	15243
6806	15175
6899	15159
6990	15115
6992	15223
7071	15289
7143	15370
7260	15413
7249	15512
7140	15507
7079	15581
7086	15674
7097	15760
7041	15820
7024	15899
7082	15944
7112	15880
7171	15828
7232	15779
7311	15760
7365	15709
7474	15724
7414	15817
7331	15857
7413	15920
7311	15959
7228	15908
7165	15975
7002	15993
6961	15938
6896	15937
6850	15968
6881	15880
6877	15818
6951	15787
6955	15864
6853	15669
6894	15513
6847	15451
6926	15430
6995	15376
6935	15324
6862	15260
6845	15365
6753	15421
6676	15403
6691	15479
6699	15542
6980	15526
7052	15463
7189	15607
7259	15676
7171	15714
7360	15579
7510	15608
7648	15679
7690	15559
7588	15469
7632	15342
7749	15254
7615	15152
7734	15056
7638	14955
7512	15038
7364	15127
7324	14992
7282	14855
7149	14901
7176	15007
7105	15114
7030	15007
7030	14889
6966	14804
6871	14833
6787	14903
6841	14969
6758	15004
6806	15078
6901	15045
6927	14937
7070	14779
7190	14735
7108	14646
7016	14574
7111	14505
7023	14424
6997	14312
6912	14204
6704	14082
6637	14111
6671	13987
6836	13964
6851	13889
6937	13956
7018	13928
7007	13772
6916	13801
6912	13688
6617	13777
6543	13760
6588	13683
6573	13848
6337	13609
6385	14557
6369	14673
6654	14700
6676	14771
6869	14719
6975	14688
7229	14590
7319	14696
7463	14649
7555	14531
7544	14423
7439	14332
7575	14270
7728	14224
7854	14148
7995	14188
8139	14190
8260	14243
8247	14406
8200	14523
8315	14561
8442	14492
8577	14528
8676	14398
8842	14440
8918	14568
8991	14684
9112	14601
9268	14608
9170	14749
9036	14841
8930	14946
9062	15062
9125	15206
9290	15280
9422	15241
9552	15339
9709	15362
9722	15258
9819	15157
9885	15261
9991	15296
10098	15355
10180	15287
10285	15282
10323	15182
10209	15177
10230	15072
10345	15066
10150	14960
10167	14866
10063	14879
9994	14974
9883	15018
9772	14956
9701	14825
9655	14677
9590	14553
9736	14515
9793	14645
9890	14827
9976	15125
10075	15202
10101	15087
10223	15411
10235	15514
9877	15392
9800	15487
9740	15592
9739	15728
9653	15810
9664	15914
9604	15972
9537	15887
9486	15793
9378	15885
9268	15833
9217	15932
9093	15885
9152	15782
9123	15625
8965	15676
8956	15820
8821	15908
8943	15991
8764	15768
8619	15738
8616	15571
8782	15613
8935	15464
8896	15264
8744	15371
8674	15207
8536	15162
8452	15030
8306	15130
8391	15253
8538	15353
8429	15501
8440	15669
8303	15651
8209	15751
8321	15831
8204	15905
8116	15965
8039	15850
8042	15686
8039	15527
7842	15456
7912	15356
7965	15222
8131	15277
8145	15100
8108	14954
8152	14809
8157	14657
8063	14526
7941	14624
7806	14684
7749	14546
7725	14398
7867	14339
7915	14462
8068	14333
8163	14060
8182	13895
8264	13776
8217	13635
8179	13489
8049	13432
8120	13306
8007	13290
7896	13524
7785	13593
7776	13752
7652	13713
7665	13845
7678	13962
7555	13937
7451	13887
7379	13787
7256	13851
7352	13961
7351	14072
7394	14185
7481	14065
7636	14092
7821	13979
7968	14026
7938	13868
7921	13709
8058	13738
8071	13589
7526	13787
7272	14280
7147	14344
7234	14439
7391	14485
7627	14660
7627	14793
7765	14866
7937	14817
7930	15023
8312	14916
8461	14826
8447	14666
8311	14729
8652	14722
8754	14593
8853	14756
8761	14888
8659	14991
8802	15081
9244	14932
9354	14815
9540	14793
9469	14648
9412	14512
9496	14418
9644	14391
9765	14362
9840	14246
9885	14121
9842	13999
9715	14070
9667	14223
9522	14253
9371	14189
9349	14348
9200	14440
9030	14435
9148	14257
9408	13992
9528	14089
9582	13967
9725	13896
9756	13766
9875	13810
10143	13938
10152	14095
10229	14220
10124	14266
10115	14403
10531	14741
10578	14813
10639	14865
10689	14782
10642	15037
10782	14258
10869	13869
11027	13681
11115	13611
11140	13709
11225	13742
11274	13801
11430	13928
11318	14067
11224	14094
11213	14186
10822	13579
10871	13500
10837	13427
10784	13385
10836	13340
10773	13304
10690	13314
10708	13389
10625	13400
10604	13316
10686	13477
10644	13529
10574	13579
10625	13653
10725	13591
10769	13489
10899	13300
10957	13261
11008	13304
11027	13240
10958	13039
10981	12994
10908	12936
10893	12892
10866	12854
10836	12813
10810	12770
10763	12773
10674	12792
10661	12752
10619	12776
10617	12724
10673	12704
10637	12827
10681	12856
10707	12899
10680	12939
10648	12908
10612	12875
10553	12873
10524	12830
10485	12790
10583	12820
10600	12934
10623	12971
10560	12970
10523	12928
10423	12985
10460	13035
10408	13056
10522	13131
10571	13131
10733	13019
10758	12984
10714	12974
10740	12935
10773	12898
10860	12932
10877	12975
10858	13022
10845	13107
10950	12906
10922	12855
11081	12925
10470	12595
10443	12534
10179	12607
10126	12629
10175	12667
10063	12616
10071	12379
9960	12376
10309	13482
10487	13654
10538	13740
10533	13848
10404	13802
9587	14949
9451	15031
9290	15101
9576	15172
9698	15090
9645	15468
9528	15505
9438	15619
9287	15582
9339	15744
9336	16000
9463	15986
9725	15988
9591	15681
9378	15421
9157	15385
8645	15926
8501	15952
8469	15813
8290	15406
7854	15629
7885	15793
7770	15786
7644	15849
7718	15929
7856	15913
7536	15920
7535	15836
7448	15437
7466	15253
7326	15290
7172	15236
7465	14827
8533	14068
8923	13959
7864	12854
7756	12784
7334	12274
7444	11336
7414	11208
7360	11020
6916	11099
6883	10987
6752	11022
6801	11139
6622	10895
6488	10804
6455	10843
6429	10690
6294	10689
6297	10635
6259	10582
6209	10502
6205	10463
6247	10468
6122	10509
6093	10546
6047	10526
6007	10500
6001	10543
6084	10778
6097	10818
6085	10856
6062	10891
6069	10928
6060	10964
6016	10978
6043	11008
6016	11040
6016	11087
6066	11052
6115	11044
6091	10999
6016	10933
6010	10896
6030	10856
6013	10817
6054	10808
6137	10844
6177	10767
6230	11048
6236	11095
6194	11112
6151	11139
6182	11168
6175	11217
6208	11250
6167	11263
6149	11298
6113	11322
6153	11345
6195	11348
6203	11301
6201	11397
6170	11432
6184	11474
6134	11465
6112	11428
6145	11388
6100	11373
6095	11487
6129	11189
6106	11140
6069	11184
6276	11175
6322	11169
6323	11218
6252	10336
6222	10306
6218	10266
6434	10306
6449	10249
6539	10283
6538	10331
6630	10181
6624	10132
6457	10049
6798	10291
7214	9995
7173	9569
7047	9473
6867	9585
6787	9294
6738	9285
6757	9242
6793	9221
6747	9180
6714	9214
6697	9255
6688	9309
6629	9338
6583	9322
6563	9418
6588	9458
6537	9498
6498	9533
6508	9591
6357	9482
6386	9445
6410	9402
6363	9396
6385	9350
6288	8985
7468	10361
8103	10402
6465	15722
10573	15961
10613	15985
10592	15904
