6242	12200
11127	12824
11661	8063
6501	8801
6260	12818
11810	14584
6918	8193
9579	13500
8692	9777
9218	8459
11729	14662
7617	11908
6080	13998
11025	8794
8529	12064
6742	9981
10413	8326
6764	15822
6988	9732
9794	10824
9466	8308
10296	8769
10960	12276
7504	12114
11587	15321
6398	9532
9151	10559
11557	9262
11692	8856
11415	13463
6961	8371
11300	14596
11860	9495
11725	8338
6564	14469
10258	8455
11816	9943
11020	15600
9099	8493
6033	8034
11078	12392
9374	10335
12000	8736
7726	11239
11523	13926
9359	13103
6199	10172
9372	12148
11997	12413
7173	9569
7686	8176
8522	10670
6145	8300
11477	13326
6556	15246
7348	9493
11356	10765
8536	9776
8372	9081
7260	8931
11652	13080
6561	11380
11985	14643
8139	11872
10831	8748
9652	11540
6282	15871
10348	12809
11283	10927
10574	8806
7313	8952
11842	8161
11204	8756
10585	8665
6514	13059
7265	12666
6137	10844
6867	14306
6226	11638
8729	11227
10075	15202
7146	9945
8847	8914
6999	8159
9697	13494
11294	9986
10809	12442
6205	8979
10936	13442
8714	10620
6044	12048
7717	12566
6642	8309
11357	11290
10942	8366
8420	10420
6233	11817
10423	12985
11903	9311
8782	15613
11744	15979
6548	14413
11359	11544
8309	12862
6702	13799
9502	8383
7127	12352
9661	9994
11785	9238
11136	13035
10819	11300
10653	8729
7390	12788
11676	14846
11747	11068
11322	8344
10809	9056
11381	13071
6684	10186
6271	8723
10623	12971
11896	14731
10204	15935
11211	13243
11074	8803
10455	13188
8725	10706
11677	10476
6369	9798
11674	10982
6550	9049
9362	12433
11300	8206
9667	9615
6944	13207
10698	13134
11122	12622
11853	9306
10867	9277
11598	12676
6183	14087
10875	15706
8383	9313
11663	15780
9170	14749
11149	14508
11523	13227
11620	14444
6661	8479
6478	11067
11984	15752
10112	11006
6711	8775
7340	8132
6303	15229
6925	13574
7495	10875
6528	13999
6386	10432
6038	13142
11318	14067
6304	10075
6391	15698
7657	10014
10715	10742
11790	14136
9216	11036
6153	11345
6060	8625
7683	11748
11958	12368
6317	9562
10887	11980
6887	9651
11932	8884
11666	9524
6621	8217
6527	15049
11159	11069
8615	8110
8340	10215
11962	11208
6214	9275
11061	8686
11765	8396
6762	8156
6211	14732
6038	9193
9603	12483
6317	9775
8084	8564
6268	11126
9699	12888
6134	11465
11904	8246
9839	9164
11662	10529
11196	11313
8460	8110
8314	10349
6406	10166
7615	15152
6540	9723
8293	11742
6029	11877
8560	10283
10989	15653
11877	13506
6627	9424
8606	9675
9112	14601
8029	11917
8753	9727
6699	11501
6401	13087
6178	12402
11680	15121
9278	12700
10899	10856
10224	8249
9023	8539
8634	9263
11719	8761
11951	11090
11258	8860
9400	8167
8168	12540
7041	15820
6077	15640
7250	12340
10290	8203
7031	8520
10361	9023
6249	13839
11525	9182
10822	13579
6202	9201
7785	12667
11507	9363
8068	13061
6980	15526
6714	9214
11706	15751
6607	14037
11075	10597
10811	14391
10323	15182
10888	13232
7130	12523
11385	9059
11980	10901
7987	8389
10890	10506
11556	11853
9158	9122
10684	8945
7030	15007
6166	10661
6773	8357
10259	9256
9648	8070
10052	8580
6076	15089
11770	15402
11570	10398
9719	10418
11999	9023
6571	8859
9388	13845
11435	15898
11051	12875
11920	13348
11418	13158
11470	13262
7842	15456
10417	8275
11539	10745
8044	8039
11932	8496
11927	8678
10719	12118
6643	8361
7284	8434
9888	15683
10183	8164
11501	8320
10739	9803
6309	13044
11897	12210
8039	15850
7079	15581
9577	8563
11632	12976
11701	8906
6081	14681
8837	10150
6933	9932
7882	8723
11789	9296
6412	11604
10243	14678
10981	9070
6318	9032
11932	15391
7351	12522
6298	14190
11878	8902
6166	12847
6787	14903
6017	8657
11079	8040
11164	8466
6942	10329
6563	9276
11324	15045
10773	12898
6258	14696
10236	13122
6764	8434
11773	11725
8217	13635
10126	12629
11420	9171
6282	10033
11975	14958
10763	8862
6403	13323
6584	15008
6938	9298
11538	15195
11206	10946
11856	15457
11799	10802
7208	8680
11199	8985
6663	9165
10582	11787
11809	15528
11976	8893
6401	14853
10729	12716
10372	12467
6161	8181
6144	13178
7729	8436
11977	14900
9903	10741
11360	10961
11326	15419
8815	12758
11672	14402
10240	12550
11342	13608
7796	9281
11189	12409
8711	12123
11218	14682
11780	11574
11665	12877
6854	8636
11625	11997
8254	10685
11343	10477
11094	15198
6682	9105
6341	12710
11714	15892
7225	10312
11945	13933
8740	9170
11704	11038
11286	11697
6054	9058
9976	15125
8170	10362
11892	10847
11747	14930
10356	12703
6267	15429
9649	12610
8056	10690
6889	8562
6682	15280
6282	11780
6089	14219
6699	12812
6871	9159
9112	8045
6235	14074
7087	9228
11894	13027
8129	11266
6225	8660
7926	8888
7911	8058
11558	14838
6694	9062
6746	8844
11139	12769
11734	13825
6409	9972
8741	10197
6375	13378
7555	10994
9537	13306
9348	9170
6315	15340
6362	10148
10920	8250
9667	13260
11940	10608
10511	12634
10677	8521
6657	10230
11424	10703
6582	11240
6391	8157
11375	8181
11766	10516
11302	15307
9266	13023
6326	11526
11965	14542
10397	15249
6318	8631
9961	12688
10673	12704
11692	10067
11627	14513
6775	12752
6505	10056
10583	8000
6494	12258
6370	9202
6904	14609
9555	8453
10249	12726
6831	8314
6022	14372
11912	11991
6005	9753
10601	8492
8918	14568
10969	12855
7590	12886
7229	14590
7888	8813
11117	15748
10604	13316
7777	11386
10391	12399
11072	15827
9655	14677
10698	8471
8887	9060
6471	13411
6971	9194
10969	8236
6978	10086
10715	8302
8489	8492
10580	8375
6988	10163
9224	12379
6851	8513
9265	8930
10120	12068
10648	9902
7287	10259
10577	9158
11792	15196
7555	8353
8917	11399
6404	10263
7915	14462
6363	8479
11506	14001
10382	10769
6191	9407
11146	15235
6369	11850
10300	12685
9902	8658
8940	10347
8927	12106
6203	8403
6995	15376
6013	8394
7674	9911
11293	15899
6558	12865
9822	8771
11580	9137
11222	15880
11499	11390
6333	8964
11098	13076
6070	15277
10534	12026
7550	10045
9007	13387
10801	8472
11030	10800
9018	10443
11660	10846
7989	12775
11472	8984
7113	8127
6335	13009
11440	10637
11816	11754
6564	8701
6413	10032
10071	12379
8212	8234
11711	9923
6798	10291
11354	14696
9149	11793
9127	11012
11721	10535
7419	8840
8288	8499
6019	12934
9041	10383
9073	10930
6068	15716
11830	8429
11101	15914
11482	9962
11811	14647
11744	8858
11760	13493
10276	13734
11931	14248
9960	12376
8896	15264
6259	10099
8089	11041
6735	15938
10554	11658
11398	8083
9166	9513
7238	10417
6047	10526
9656	8564
6266	13017
11764	15863
8373	8266
11910	11122
6071	9625
6313	8494
11804	9880
6276	10503
11312	13693
11066	13517
8409	12631
10605	8922
9693	9252
11663	8178
9751	8745
9537	15887
11767	10203
6280	9050
11367	11153
11887	12517
10513	15387
6023	13182
11949	14398
11997	10956
10108	13060
11906	10682
6752	8247
10735	13175
11140	11440
6179	15058
11308	12395
11398	9406
6981	8027
10447	15898
10386	8160
11072	15571
10601	12613
7600	10418
6225	9962
9178	9683
11059	14812
10307	14777
11703	8606
6595	11538
11247	9152
11317	12216
11657	9099
10492	8804
6001	15500
6092	14353
10990	12719
10829	15483
10714	11336
8104	12234
11556	8107
10412	15994
6440	8405
10738	10118
6945	8490
10188	12516
10898	15418
11919	13829
11429	8360
6410	15397
11347	9100
6199	11964
11506	8729
6746	10536
8131	15277
10177	12402
11302	10186
6691	12897
11213	8433
6182	8044
6990	15115
6329	8253
6018	15573
11579	9188
6738	8515
11728	11295
7052	8565
11849	15185
6045	11966
6077	12801
6116	9989
11260	8990
9099	8680
6812	8749
10297	12736
11700	13547
10728	9879
7656	12775
11528	14331
9175	11280
8189	8394
10891	10176
9655	12787
6607	9653
6682	15671
10888	8053
6448	8616
10512	15153
9739	15728
6206	14839
10573	8614
7465	14827
6075	14309
8985	12216
8938	10275
11111	10156
10037	14030
10914	9536
6732	15127
11688	15567
7327	12691
7588	8051
8184	13193
6274	14230
7219	8204
6032	8220
9714	8426
10304	12789
9463	15986
11027	13681
11823	11274
9014	12711
11835	13239
6180	12663
6051	12107
9861	12347
9268	15833
6190	12187
6061	8340
10239	8398
6220	12059
10313	10666
7873	11783
6489	11780
11914	8569
10437	14567
6823	9641
6093	13236
11948	9551
9799	9556
10647	10488
9625	8018
11374	8864
9940	8346
11960	11727
11352	9168
11265	9618
7846	9525
6918	13023
6236	12856
6335	12612
7446	8365
9441	13260
6449	9845
9160	9622
8254	11891
6395	8831
11198	8286
10950	13785
6200	9455
11227	15405
8543	11373
6234	14278
10623	10581
6641	9243
6247	12120
11471	10852
7042	8343
8921	11126
10139	9841
10222	14450
7901	12440
10876	11004
6273	10779
11458	9273
8775	9601
6501	12878
9010	12929
9062	15062
6225	11199
10233	10253
10415	13121
9908	12962
8280	12089
6386	12700
11081	12925
6413	9492
11381	8132
10377	12879
10419	11963
6223	12381
7444	9821
11416	8978
11848	14609
11906	8722
6162	13549
8857	9248
11667	14640
11162	8413
10797	13019
9549	13400
7182	8304
11131	12714
10853	9452
6453	9749
9285	12822
8583	10555
6227	9875
7366	10096
8432	10299
8678	12975
11576	8323
11936	10019
6797	10905
11647	15554
6266	8890
11825	13403
9751	10068
10228	8084
6300	9246
8283	12683
11015	10398
10167	8738
8651	10584
10430	15485
6688	15068
11666	11182
11405	10911
11047	8845
6895	10070
11918	8078
11557	12888
6357	9529
11477	13139
10322	8949
11096	10845
11324	15479
7203	8033
11516	8685
8809	11620
10172	10132
7832	10631
7453	8259
7587	12292
7575	14270
6113	11322
10816	10067
11078	14472
6390	8375
6682	12668
10206	9002
6901	8856
11876	11531
9227	9082
10954	9746
10918	11332
6489	9033
7799	12737
6010	10896
9539	8976
11979	8413
8423	10181
6791	12454
6161	9015
9505	8036
10680	15495
11948	8172
9256	9970
6589	10307
11878	9170
11024	13389
8196	12011
6559	10742
11752	10842
8414	11743
6361	11366
7325	8461
6439	10749
6048	10347
10508	13204
11453	11533
7282	14855
7546	10761
10408	13056
8976	12549
11724	15424
11232	10874
6140	12077
6073	11438
11627	8559
9819	8108
7682	13088
9181	13415
6459	8279
7186	9652
10663	13079
9038	10081
10347	8215
11805	14348
8037	10012
9174	10208
6759	10186
6192	9149
10506	15864
7945	10208
6683	8389
7648	8218
7438	8727
11634	13459
11439	8182
11628	10082
11274	13801
8652	8063
6492	10154
11495	9836
7462	8174
8931	12502
11991	15447
10038	12984
9983	9356
11560	9079
11581	13420
10725	12813
8721	10239
7777	12150
8519	11012
6115	15041
11093	15625
6264	13302
6292	14138
10493	8737
7490	13044
11540	15583
9504	9860
7618	13095
11353	13138
6080	9844
6353	8526
6476	13193
10267	8269
10069	15557
6637	14443
9141	9410
7419	12265
6871	14833
10195	11675
6368	8110
9782	8479
11654	8599
11432	10096
11419	13227
6031	13883
6643	8689
11291	11779
8131	9773
6509	13686
11979	8473
9414	9151
6091	11880
11525	10009
8076	9233
8888	12727
8360	9793
6877	9447
11856	8244
7929	8238
6273	12085
10805	11207
10824	13054
11489	9902
6682	11839
10439	8118
11838	14293
10315	8707
10773	12651
10499	12296
10108	12258
7582	8493
6866	10770
6461	10646
10776	9461
7364	8274
11767	14419
8433	10648
6014	14830
8976	8377
10674	12792
10749	10032
6115	11044
11920	15316
11731	14241
7756	9084
11163	15431
9271	13141
6990	8515
6917	12431
10649	13766
7066	10793
7002	15993
6180	13017
11855	9744
6030	15123
8946	11045
10627	8107
11739	10590
11830	15626
10015	9432
11240	11261
11302	10643
6272	9402
9591	15681
9417	8048
6406	9157
7731	12959
10265	10154
8910	12023
8328	9518
6460	14738
10924	9145
11575	15944
11510	11020
6063	8677
11995	13057
11726	10478
9980	13187
6144	14908
6018	10448
7403	9921
10274	13249
10800	9130
6102	15141
11806	15750
11869	11743
11802	8265
10786	15782
11558	14202
7190	8347
10917	15955
8868	10196
6723	12455
10263	12334
6714	9000
11706	9371
6627	12984
7554	8821
7782	9991
11243	8730
7376	12574
7639	11331
8697	14126
9646	11364
11886	15852
11159	10679
8281	12378
9505	9941
8877	9916
6286	9892
6114	10901
6116	9240
7665	13845
6057	13017
7306	8887
6407	14145
8357	11902
8408	11373
6678	9511
11106	15433
7359	12748
7121	10938
6724	12567
6381	12567
7844	12685
6360	8802
11398	15687
7100	14221
6800	8062
6099	8409
6609	11314
6544	9092
10897	9213
7512	12256
6007	13629
11365	11433
9709	15362
6296	13977
11532	14790
6143	8361
6441	13914
10601	13074
9793	8594
6109	9106
6767	10051
10274	9950
11946	8380
6599	9841
6062	13833
7374	8223
10857	10596
10845	13107
9584	8701
11777	8089
10201	9085
7216	9896
7194	8156
10321	8433
10630	8015
7060	13311
6003	9818
6379	15899
6910	8149
7866	8136
11665	9959
11025	11836
11793	8941
6729	9098
6682	12523
6492	14051
8060	8198
7328	8294
11054	8631
11098	8105
10714	10947
8879	8991
6848	8374
10602	14257
11771	8357
6353	9313
8907	8298
6728	8120
7204	13723
7112	15880
6002	8918
6170	15465
6300	13321
11510	15815
9019	12357
11751	13383
11975	11957
11328	8559
8361	12215
10137	10042
7958	12286
11647	8109
11382	15074
11245	15289
6191	14183
11754	9206
7351	8997
7947	11538
11153	8299
8410	13073
6594	10083
9813	10673
9759	8994
11344	12642
10490	10135
8540	10228
8018	10420
11950	8120
8827	11996
6787	9939
6672	12725
6052	11529
11752	12821
11029	13011
10917	9685
6410	8334
8299	10032
9862	12743
10703	14962
7505	12734
8145	8235
6012	9471
10513	9133
11353	11356
8386	8087
8653	10684
11188	10137
6576	10431
11239	10763
8495	9177
7813	12908
10227	8511
11836	14179
6277	8515
8621	8485
6676	10276
9291	13076
8007	8176
6307	15176
6573	15458
10658	8890
11540	9615
10166	13346
7063	9356
9898	8005
8224	12237
6078	11655
9290	15101
7785	8501
7149	14901
10955	15064
10427	9545
7215	14138
6076	14535
7882	12933
7070	8044
9934	12810
7052	15463
11458	12773
11240	9499
7636	14092
11529	8602
10054	12906
9902	13053
6191	11922
10290	12985
11233	8380
7165	8110
11230	12288
8456	9644
6539	15415
8800	9554
6777	9128
6626	12639
11248	9314
6639	13172
7628	8447
11153	15494
10950	10047
7378	8371
11541	11612
11001	11364
6353	11641
6552	12552
10900	13147
6321	9662
10387	15893
11565	14975
8131	8659
11992	15809
6567	12991
7752	11991
6038	14042
11135	15947
6777	8638
11827	9016
11608	12834
10648	15931
9082	8199
10624	8581
6282	8683
11188	12641
8455	13751
6218	8200
6883	13453
6899	13345
11851	11471
10911	8466
10740	12860
6699	13154
6881	9778
11795	8640
6029	9435
10404	13802
11919	12658
7118	9679
6401	10845
11550	8842
11997	14132
9169	10491
6055	11913
8929	10503
6472	8655
8784	10447
7632	15342
6624	10710
9252	8564
10638	13028
11944	14505
6000	9106
11372	10162
10694	12529
7588	15469
8722	9644
11254	8479
11994	8145
11280	8703
7823	8393
11036	10534
9369	10423
11249	10095
10934	8421
8903	8690
6175	14279
6211	10996
9074	13440
9866	9931
11320	8397
7709	10094
8893	8008
6645	10080
10465	12937
11051	9636
6501	15610
9109	10243
6876	10278
6395	12883
8170	11404
11588	14284
6106	8988
8764	15768
11691	10259
7127	8240
6371	11993
6634	13375
11603	9694
9351	8878
8590	9902
9125	12290
11454	9542
6908	8900
11730	15634
11780	10686
7098	9536
10926	11159
11961	11142
9722	15258
7070	8458
6900	9075
11829	10706
7082	15944
6161	9109
10532	14908
11284	8812
7539	8911
6881	15880
10954	8285
6286	11882
11710	9234
6369	8599
11369	8793
9693	11079
6963	13136
11983	14476
11606	10998
6345	10455
11971	13344
11119	14997
11473	10579
8187	12877
11831	13968
10478	8670
11905	13550
6896	15937
11494	10517
9820	8280
6065	8184
8238	8048
6233	13208
11085	9914
11853	10421
6595	14209
8620	9984
7513	11112
10580	15769
11749	8715
11543	15408
7149	8423
11819	15008
9241	9691
6398	13953
11514	12183
11304	12918
9584	8369
8447	14666
9205	12708
7332	8567
9460	13163
10566	12360
11947	8537
6138	8221
6192	12526
11825	10510
11093	13397
11431	11256
11397	9135
8124	10114
7545	13488
10568	12226
7101	8432
6247	12542
10180	15287
6992	15627
6043	10572
7631	13385
6189	9613
11265	11065
7587	10149
8721	10297
7177	8642
9299	12599
11962	11531
10864	9025
11831	11698
11834	14023
6081	8290
6406	12339
9680	8186
6558	15992
9169	8047
9712	8502
6112	10951
6909	12838
10267	12010
10216	15667
6739	9844
10843	8684
9979	10146
6583	14529
10524	12830
10734	15217
7576	12710
6958	11627
10650	8245
6913	10147
7603	8090
7488	9933
7733	8270
9248	8138
7526	13787
7082	8313
7413	12112
8026	8453
11681	15448
10490	12389
10478	12695
9082	12827
6666	15004
10875	15184
11815	10656
6111	14491
6334	8396
9388	9230
10420	8547
7484	8644
11399	14132
9728	8910
10953	12957
10770	14743
9658	9902
6074	10581
6498	14841
6293	14859
6272	15315
6266	10245
8973	12865
6554	8526
6287	12697
11317	8698
7064	8713
9173	13201
11908	8771
8557	9421
9412	14512
6373	11187
11873	14237
8670	10331
10701	15137
10038	14150
7258	9615
6418	15976
6415	9065
6709	15830
9225	8069
6173	10818
6530	13611
11172	8343
10595	14640
6854	8553
6333	14457
11657	12332
9377	10611
11022	13881
7650	8093
8200	14523
11984	9264
11615	13599
7123	9087
9463	8457
7062	11724
6772	9078
11980	15497
7411	9202
6035	14088
11439	9844
6200	9046
7339	11424
9885	8315
7137	9468
10462	12745
11868	13077
10487	13654
6557	11706
6140	13416
6241	9071
7272	14280
8209	15751
6539	12914
11065	8551
6529	8486
11806	14474
6785	14241
6010	11931
11938	12571
8056	12014
11871	15736
8037	11442
9587	14949
8780	10781
8597	8835
6159	10533
10884	15913
7147	14344
7640	8794
7600	12027
7466	15253
7789	8141
11838	10335
6363	10194
6926	9704
6455	15041
10229	8754
7092	12440
10487	8192
11876	12907
6931	8092
9259	13883
7535	15836
7540	13382
7337	9398
6714	10090
10203	13064
6372	12979
7205	11675
11791	11310
9716	13663
6172	13501
9496	12862
6754	8955
11078	12802
7194	8453
11634	15231
11226	9424
6277	9695
10670	13184
9276	9465
6227	14427
9711	8135
10623	15831
7825	13087
6154	11701
6191	13631
11579	10958
8842	9848
11738	8643
11219	11376
11864	10665
10248	15989
7973	9901
6320	9612
8139	14190
9409	9605
7325	9230
6350	8848
8583	10723
8816	8730
10877	9914
11429	15227
11587	14702
8933	10214
10827	9335
11108	9371
6477	13777
7272	8843
11355	15300
9390	13574
9391	8530
7523	9816
10436	8167
6157	13826
10978	8088
6392	15259
7351	11559
6483	14426
7551	13613
11898	15358
6012	13731
6483	11396
6253	15200
11914	8413
10905	8153
11729	14181
7415	12895
8788	9669
6175	11217
10230	15072
10537	11913
6591	15572
11996	12058
6783	10807
10697	10319
6085	10856
10915	8636
11219	8887
6815	15784
10426	12842
8579	9019
7206	13489
10549	11511
7259	15676
9135	10322
10775	9195
6765	8390
6772	8100
7412	9091
6312	12743
6346	10621
11370	8569
10938	15703
10490	9284
9828	13358
9582	12267
11768	8033
8293	8036
10579	9356
11224	14094
10818	15994
10560	12638
7451	12553
6246	15482
10645	9273
6558	13101
11946	12092
11244	10029
7590	8864
10129	12704
6112	12407
11182	9140
11939	10201
10738	9674
6373	11428
9005	12617
10751	8318
11376	15489
9645	13196
9772	8837
11803	14237
11125	9128
8016	8297
11982	9525
6722	13411
7464	8965
6013	15070
11581	10254
6230	9630
7220	12722
7359	13117
8339	14067
11626	8781
9492	12723
6558	14074
6271	11448
7213	12890
8105	9533
6783	9545
6554	9594
11529	14683
6341	13555
10150	14960
6570	8453
11932	9756
6470	14180
11804	14529
6396	9739
6914	11306
6962	8132
11234	8813
6294	8077
10320	12852
11393	14408
7463	12606
10279	15610
6565	14350
6061	11845
10065	12534
8260	14243
11769	15019
6522	15558
10821	9973
11416	8040
6942	12006
6149	11298
6112	13384
10747	9082
11357	14954
6233	8436
11950	10981
8631	11980
7843	8090
7979	12926
11893	10622
8235	11562
6665	11619
6754	9439
11229	15702
6571	10118
8967	11961
11267	13625
7580	8750
6946	9561
7286	8277
9383	13304
6643	10032
11069	8304
9111	9964
6080	9573
6433	9350
9048	12990
11858	10042
8526	10066
10322	9088
11515	12102
9450	13685
10987	8134
9311	8165
11770	13036
11648	15668
6677	8710
10637	12827
10424	10656
9838	12246
11674	14739
6478	9268
10033	9679
6535	10021
6592	12603
6256	14997
6443	11863
11722	14712
6045	10478
11769	13947
9690	8971
10890	8742
9604	9729
8536	15162
8754	14593
10309	13389
8461	14826
10285	14964
6265	12757
11878	9039
6103	8877
8157	12780
6306	8176
6021	12686
7027	10291
8789	14262
10532	10596
9252	12971
6656	10331
11931	13071
7592	9190
6448	9624
9622	8938
11004	13583
9740	8567
11841	15945
6218	8328
11888	9591
6251	10157
6072	12758
11946	15796
7753	11866
6016	11087
11934	9705
9134	10165
8919	10020
6294	13832
10574	15213
11381	15189
11506	8819
11705	10876
10995	12934
6198	9990
6629	9338
6162	14406
6522	9794
11931	15877
11841	11408
6277	10200
6173	10317
9277	9142
11569	14618
6338	10667
6028	9905
10770	8080
6602	13534
7291	9088
6864	8473
11968	10714
11260	10331
6847	9307
6135	10989
6287	11599
9238	10144
9082	10351
11773	10383
6196	14607
6167	11263
7388	13268
6579	13047
6818	9086
11179	15693
6557	14285
6077	9989
11740	10245
10333	8170
6177	10977
6470	14571
7253	8737
10202	10367
9252	10420
6641	12117
11532	13105
11618	8309
11377	8254
10344	10976
10875	9749
6494	10538
7283	8653
6954	12522
9587	12803
11414	12468
7026	9040
11123	15147
6023	11597
10770	11031
10560	12970
10221	15744
6249	11327
11125	15861
11454	9662
11737	8115
10619	14371
10886	12737
6367	9852
6145	12317
11565	8785
6079	10318
11765	12966
7452	8790
6531	9450
11282	12512
6284	12441
6671	13987
6695	15193
8012	8239
9437	12484
6746	10461
7732	8015
8954	9020
10777	12824
7979	9102
10037	8501
6860	12674
6252	14116
7071	10391
7144	8601
11089	11025
8931	13591
8818	8601
6338	12555
6352	9006
9486	15793
10012	13103
6359	10938
7364	12961
7213	13266
7889	11339
11288	9108
10165	8033
11183	12728
11754	14300
11549	12019
6398	8453
11497	11157
6098	12623
7652	13571
11888	10954
6591	11171
6248	13983
6333	9439
6853	13029
8904	11779
11035	15020
6240	9007
9653	15810
8163	9134
7017	12363
11904	12973
11837	8516
10983	11521
10553	12873
6598	9733
6385	13016
6734	9606
10322	8064
11373	10662
10844	8445
6051	9680
9510	13589
7246	12595
8104	8307
10530	8337
6535	10464
11807	15909
9422	15241
10907	13034
11557	8654
10851	10403
11565	15862
6452	14875
11820	11159
11903	9843
10090	9239
9133	8418
7823	10120
9824	9021
6085	10103
6095	9276
8645	15926
6153	12630
7300	8015
9223	13348
6203	13465
7447	11876
6293	14428
8121	9334
11565	8150
11939	14880
11481	14394
10435	12787
11889	9787
6115	14729
11629	8652
6024	13244
11886	12710
7894	8276
10116	9660
11225	13742
11696	10625
11809	9832
9000	10350
6661	11395
11285	9052
6733	9500
10817	8107
6563	9418
11312	15850
8327	10585
11131	8908
6102	13440
8299	9382
11250	15132
8712	8064
11624	8359
8745	9517
10460	13408
10875	14012
11945	15280
8452	15030
9197	10310
7816	12961
11614	14354
11411	8482
10416	8885
7039	10680
10288	10063
7160	11070
10650	14453
7925	9026
6553	14885
11900	11203
8966	10176
10954	8473
10614	9746
6612	10612
7278	11274
8756	10056
11235	10570
11394	10296
11703	10820
11709	15809
6544	14708
9627	8488
11661	12144
7823	8893
6543	13760
7523	8690
10801	12371
9617	13318
9353	13377
6024	9945
6058	10189
10670	13255
8934	12925
11414	14915
11488	8041
10432	14263
7131	13818
6874	9028
7161	9200
10134	8290
11884	10578
6108	11270
11948	11891
6739	13071
6814	13213
11634	11264
11750	10295
10045	8309
11858	15561
6458	13277
11735	13603
11322	8072
6113	9604
7455	10476
10224	9356
11098	11366
11743	9692
9808	12733
9012	9756
6124	15248
9445	9314
9174	9203
6488	10332
7697	13020
11688	10020
10885	15006
8238	13307
11805	13082
11974	8795
6120	13066
11276	8074
6354	14999
7682	8539
7557	8106
11844	9623
11840	8295
11462	14887
9431	8836
9590	11711
6318	13724
9397	10915
10996	15554
10523	8642
8012	9623
6113	9328
7040	11342
7608	9766
8603	9510
7332	8409
6073	12929
6038	14914
7475	12682
6688	9417
6118	13553
6040	11481
8530	9506
6160	9974
10751	8592
11848	14973
11182	9695
6165	10119
10930	13196
10750	15839
11858	13458
8179	9513
7958	8279
9042	12770
6549	8960
6703	8454
11641	15409
6255	14815
6103	8589
9446	9075
9504	13233
11497	14751
6207	13052
9080	8907
9242	8746
6814	8355
11847	10821
10130	12550
7410	9278
6737	12666
10535	13384
9738	11822
9462	13498
6992	11477
11835	10764
9763	13288
8517	11630
10469	8557
9588	9971
9537	8625
7130	10038
6729	12720
6809	8888
11936	9804
11835	12309
6045	12889
7079	12579
10499	8142
11723	15849
10821	8870
11738	8939
8393	14338
11278	11315
11936	8293
9125	13134
7545	12516
11304	8858
7657	12947
8103	8396
11779	9148
6625	15227
7234	8569
6439	12550
7196	8598
6005	10127
6625	15514
10433	14041
6745	12518
9722	12507
6428	14647
6571	9686
10947	8951
7478	8699
6348	15221
6211	11549
6269	13159
6398	14809
8793	12199
11934	9356
8760	8906
8530	14366
7114	8700
6322	15516
6661	9664
7339	8682
11197	9360
10782	8713
9229	11119
7228	15908
10890	14642
11231	14943
9900	8132
11595	14781
11293	14996
11746	15200
9355	13470
6133	12535
6119	9816
6449	10190
8030	12604
9130	11089
10485	12790
8187	8495
6331	8584
6167	15722
7030	8988
11210	13467
11925	13447
9455	12065
7575	8437
6297	14597
11830	15227
11018	10980
11188	12530
6517	8397
8659	11755
9984	9262
10451	12652
11719	11183
6043	11008
6638	15738
11152	8564
6212	8482
9074	10205
11527	13277
11275	10834
6145	12706
11969	15942
11990	11868
10711	12378
6483	8483
8614	10431
6136	14072
6003	8195
8531	8368
6723	8695
6780	14340
7380	8640
7460	11479
6176	9310
8701	12552
10846	13757
7402	8172
6182	11168
6416	9583
10960	8889
10210	10909
6507	11207
11997	8368
7553	12749
7120	8196
10812	8984
11371	11218
10920	9463
9152	8172
6376	14615
11041	15143
11580	10609
7815	9381
6337	12948
10504	15793
8907	10146
6827	8937
11046	14575
11067	14887
10074	11433
6390	14342
6205	10463
7372	8590
9238	12643
9226	9263
8695	10093
11807	9622
6018	14700
11908	14182
6851	13889
8995	10595
6506	8965
10075	11136
8024	8847
7456	12743
7423	8568
11463	9327
11514	14604
10753	9338
7075	9117
10335	8120
6805	13305
11668	10367
11996	11109
8676	14398
10038	12732
6884	13256
11984	10462
11953	8711
11076	9425
11223	11126
6901	10579
7881	8183
6835	8848
6623	8936
11638	15319
6063	10670
11689	8207
11947	10861
11968	13654
6806	15078
9883	15018
10275	13876
11590	12178
6691	15479
6850	15968
9072	13676
9481	10776
11855	9820
10716	8214
11903	9508
11462	14948
10942	9963
6170	15613
11139	14768
9123	15625
8846	8495
11157	10884
11173	15365
11856	9537
9320	10161
7377	9735
6116	10271
6396	10386
9486	9681
6552	9636
6097	14886
10699	15704
11050	10132
8835	9708
6926	11208
6005	12351
11362	12313
10539	8768
7242	12778
6958	8668
11697	14953
10030	14502
6888	11874
11174	13144
6168	10269
10410	9478
7330	8357
8431	9143
11285	8250
11416	8665
11782	10154
8764	13633
8649	10048
10587	13017
7163	8260
11592	15576
6650	9380
8726	9256
6073	9800
6326	8682
6920	15616
6535	8222
11315	11486
7125	9342
6189	8701
11325	11616
6485	10209
11620	15744
6312	12831
11522	8072
6348	13984
11204	15917
7493	8838
8736	12710
9381	9038
6559	15927
6406	15204
11075	8899
6012	11515
6262	8344
7999	8048
6404	15081
6005	8755
8988	13158
6382	12798
11819	9181
6432	12787
6710	9677
6225	14025
6849	10359
11753	11482
6409	8086
6090	8219
7937	9536
10677	14048
9527	8882
6904	12713
6299	8837
11180	9980
7374	9844
6267	14749
11607	10706
6644	8526
7609	8211
11432	15982
11987	8035
10219	8137
9286	10768
6365	9158
6308	14766
6493	15659
6155	10889
6442	9017
11489	14827
11478	9488
11826	14730
7080	8361
11483	13001
11088	12750
6046	9546
10826	8582
6566	15360
9487	12291
9523	10121
6213	8564
6728	8328
11590	13529
11935	12879
11945	10150
11276	13490
9574	12734
10143	12991
11701	11657
8716	12449
10782	14258
6788	9036
6096	13014
10588	12496
11915	11291
10794	8294
11571	9733
9695	8081
11694	13405
6845	11534
7116	9275
6298	10552
6186	11879
9485	9210
6462	12400
11189	10818
7602	8397
11799	12127
7380	8128
7503	12419
6890	9212
8982	11565
10959	9209
6017	14624
8823	13239
10610	13181
8640	12712
7689	9217
9255	11393
9970	12994
11382	14307
6503	12533
6894	15513
7906	9296
6264	8795
6692	15723
11907	11065
6658	9455
7553	8252
10175	12667
11649	15970
6035	14225
6377	11489
6013	10817
10825	12640
6114	10196
9576	15172
9335	9411
8252	9542
6433	10903
6340	12110
6716	9732
8007	13290
6796	8588
8863	9124
8067	12789
6120	12122
8241	11003
11950	10563
6284	11655
11596	8227
8158	12112
10041	10703
8549	13152
11925	12438
11664	9892
11744	9745
8108	9910
9490	12443
6203	11301
10425	15413
11916	12145
9861	13289
11659	13352
10564	9441
11005	11959
6674	10114
8785	8098
10892	12811
8753	11934
9372	8788
7480	8221
11663	8816
8519	12672
10084	8208
11071	15871
9874	9249
6286	14279
6921	9174
7264	13110
6339	14887
9201	12310
11730	10119
10525	13318
11597	13801
11610	14651
11945	13690
7453	9729
6119	12934
6195	15347
11862	10099
11148	10606
10642	15037
10769	13489
11457	8635
11781	15061
11835	12657
6139	10620
11307	11895
8895	11588
6566	10809
9383	12591
11712	11390
11745	9337
10465	11149
7770	15786
8852	11517
11251	15750
9662	8351
7459	13259
11598	15988
11232	9952
11312	10121
9371	11807
6195	9852
6350	12175
11430	13928
9530	13165
6801	11139
11989	15987
6533	8157
11735	12745
7256	9279
7775	8848
9251	9778
11115	8273
6832	10062
11637	13405
7776	8439
10996	15805
6457	9075
6735	12312
11313	14158
6477	8893
9488	9567
10795	13092
11990	12934
6353	10396
6032	11144
7845	10321
9503	11180
6761	13690
7824	12797
8157	14657
9139	9563
7190	14735
11366	13800
9621	10183
7462	8897
6046	9723
6326	8045
6168	10586
11919	9893
9946	13289
6078	12083
9482	9451
6511	15903
6460	14258
9527	12366
11925	15962
11185	9297
10229	13403
6244	15365
6390	8877
6006	14274
6266	11403
6069	10928
8606	12616
6275	9641
9169	8597
9900	9338
6543	9916
9163	12066
6028	13064
10982	13194
9225	10637
10959	12612
11357	13351
6291	11732
6158	14712
8652	9562
7185	12779
7721	12670
8623	12086
10811	8808
6341	9272
7451	12188
11897	8370
9122	11178
7405	12521
10332	8625
10830	9672
10064	8067
6316	13377
11931	11434
11881	11907
7009	8384
7322	13462
6106	12353
7408	13182
11227	14546
7754	13067
6204	8747
11277	10460
11517	10959
8078	12421
6355	8352
11741	8298
6256	10819
11704	8421
6132	9869
9721	12715
9861	9087
6127	10443
7938	8098
11847	13910
9988	8307
10100	13133
10532	8394
10233	12623
10706	9299
10882	15838
9540	14793
11983	15897
10422	9804
10585	8737
6220	13684
10508	9511
6133	14318
11725	12606
10926	15815
11641	13190
9969	10053
6095	12045
10728	11115
10935	10295
11224	14380
10859	13167
11724	10365
7502	8039
6999	9342
6431	12934
7859	9784
10116	9388
10755	8495
11329	12849
6759	12614
10978	12666
8163	12336
10052	13457
9282	11676
10092	15463
7002	9938
10918	13092
11889	15229
11594	12280
6682	13537
7313	11666
10343	11279
6150	12269
8354	8367
11714	11725
11068	13788
11094	14650
6027	13105
7968	14026
10331	13314
6266	13706
8152	14809
7004	8856
9447	10066
6709	10904
6875	12501
6798	15717
11691	9619
6227	13938
11860	9449
11847	8864
11692	15505
11214	8178
10436	15825
6143	10357
11337	8902
7511	8253
7776	11112
11106	8005
11272	15690
6450	11940
7318	9675
10908	15755
7414	8524
7905	8014
9224	10247
11467	15068
7114	12713
7581	12364
11766	15355
11442	10971
7095	8825
7915	12359
6250	11964
6521	15849
7413	9453
11506	15629
10836	13340
7930	15023
11468	15118
8741	13971
9406	10172
6107	8781
6095	9204
11291	13153
6402	12451
9640	8242
6779	10707
9591	9255
8311	13112
10374	10116
11358	10539
11239	11981
10225	12847
10876	14326
6660	11726
11877	15602
8339	8920
8823	11153
11404	15786
7572	8304
11715	13329
6752	11022
6345	14137
10194	10688
11898	11850
6141	14524
6029	10293
6502	10378
11908	12039
11559	15998
6492	10431
7582	12121
10013	12287
8901	8377
9093	15885
6613	9915
10098	15355
6067	10063
6442	13150
11600	8493
9014	9098
6930	8938
6093	10546
11507	9562
11098	10942
8429	15501
8510	12776
10345	15066
6324	14318
9415	13070
9645	15468
11446	12593
7929	12802
6065	12686
7877	13176
11334	9630
9367	9353
10543	13464
7456	13118
9217	15932
6102	9040
6075	12000
6453	10565
11021	12816
10628	11423
10572	15545
8716	12788
11049	15663
11626	10004
11689	10576
6444	15259
7168	13025
8391	15253
10943	8137
10744	12312
6176	13322
7394	14185
7670	8736
6578	8245
11910	10055
6631	8819
11728	14844
6421	8254
6108	8693
8001	12852
10196	8208
6647	9119
10443	12534
10298	13122
6859	15594
11040	12631
6056	14865
11747	10900
11901	13960
8798	10099
6247	9923
11386	12834
11503	11081
11844	9359
7544	8392
11260	14808
6475	10956
10659	11569
7066	13419
7379	8891
6838	15911
6310	12046
11020	8691
6549	10232
11260	10692
6265	10287
6070	11335
11927	11166
6758	15004
6942	9453
11154	12861
11897	8948
9296	8254
11492	10660
11233	8624
7982	8533
6232	11592
6539	10283
11760	15907
11155	10217
8078	13167
11610	15179
6937	13956
11780	9584
6140	13696
9522	12553
9116	10515
6678	9026
6192	9357
7659	8013
11769	11168
11200	13644
6874	8819
7803	11662
7173	12719
10186	14764
8140	8857
6058	14813
11985	9817
8764	10875
7885	15793
6359	8432
11645	9309
8442	14492
6401	8414
11845	9218
8589	10628
10521	8447
10190	13646
10024	12675
7512	15038
6512	8103
10868	15568
11948	15990
10612	12875
7172	15236
7280	10164
8617	12318
10976	8321
6867	12883
11413	10765
11724	11125
6565	11617
6709	12764
6064	10436
6014	14524
9173	12456
11297	10579
8463	10087
11343	8829
6519	8030
6413	12209
9643	8415
11236	15008
8293	10413
8674	10523
10391	8598
9032	9024
7602	12230
11362	8949
10137	8444
8515	12275
10021	12213
9995	8144
7124	8794
6377	10002
6506	9237
9694	8025
10750	8256
8360	10407
6296	11982
6212	10945
10574	13579
9725	15988
11152	9815
6333	13094
7165	8210
10970	15476
6357	8173
9080	12940
9898	13578
8521	13301
6313	9402
10419	11043
7543	12195
10749	13115
8348	9926
6111	8096
7010	8807
10776	8546
10581	8100
8540	8117
10827	12980
6608	8901
11848	15771
11462	8724
9764	10300
11609	14999
6290	11076
6143	14857
11896	14409
7161	11831
11762	11239
8618	12792
11491	9427
8092	9611
10724	8727
11788	10467
9228	12918
7553	9631
11109	11631
11562	8929
6491	8847
10486	12228
10391	13385
8294	12981
6400	9298
11648	10745
6581	14648
11920	9396
10945	9887
9942	13128
7428	9547
11287	8612
8208	10272
11561	14400
6698	12023
11079	12845
9469	13347
6685	9623
11023	9186
8759	9805
10109	8038
6457	9411
6319	9720
11483	9605
7139	12768
7242	9205
9086	9120
10643	8630
10172	12943
9520	8523
6241	9776
10976	8697
7140	15507
6965	9798
6028	15347
11754	14889
11482	15588
11390	8518
8647	9629
6605	8330
11084	13021
6610	14386
11897	9215
6941	11749
9580	8191
11352	15132
7590	12975
11454	8823
10857	12304
11090	12687
8821	10398
11997	9430
8048	8140
7065	8768
11388	8912
6617	11914
6987	8766
10179	15998
10229	14220
11757	15672
6731	8286
11807	14074
6487	11555
10648	15874
10779	9605
6321	8886
7252	13183
11710	8251
6167	11991
11015	10459
11434	8440
7023	8474
7032	14134
11716	9421
10989	9327
9146	12382
6245	13556
7978	11818
10807	10839
10534	15310
11483	10368
7635	12826
6009	8549
6817	8491
7191	8077
9976	9762
9875	10303
7260	15413
11928	9652
6723	9139
9808	15938
8429	14196
6202	13774
6610	9985
6380	10686
10961	15762
6417	15756
11636	15362
6488	10804
8950	13037
9884	10546
8897	10797
7265	9433
6398	14020
11887	9357
6562	12474
6872	15743
6239	11366
7152	8049
11144	14320
10140	10470
6402	12134
6744	15689
9032	9329
11253	10156
11592	13359
11808	12918
9327	13173
9766	12598
6215	9540
11767	8764
11311	14244
11306	9258
10036	9578
9405	8279
6305	12904
9312	8052
8821	8366
9059	11983
10783	8409
7630	8043
6226	12768
8347	10279
6415	11383
8780	9114
11738	10027
7108	14646
6356	9753
11919	9013
6843	12826
6459	9893
11653	13674
6411	13427
6087	10230
6561	9765
6788	9592
9174	11720
7868	13014
7246	8467
7116	8074
10996	9264
11588	13082
11950	11678
9089	10566
6016	12981
10411	8821
11955	10373
10795	14980
8264	13776
6157	8741
10049	10921
11725	14756
6201	9923
7004	8209
9272	9571
11484	8096
11487	11828
7071	13085
7425	13424
9698	15090
9229	9864
11037	9058
7158	8376
7731	9442
11043	15447
11489	15757
8010	10937
11836	11806
8427	10854
10501	8241
6308	15575
8682	8846
8747	13183
11573	9510
6750	14700
10099	12959
11311	15175
11435	8879
6022	10400
10210	8298
10763	12773
8290	15406
6156	15012
6792	8462
11058	8496
6920	8811
7027	8057
7445	11763
11321	8779
6216	15419
6633	14864
10737	13916
9592	10685
8920	11881
10308	8012
10521	9775
11992	11491
11098	9074
7594	8620
11317	15529
11651	15034
8444	9746
7728	14224
11870	14654
10296	8504
7282	8059
10355	12980
6646	13455
6458	13986
11795	13641
11255	8415
11880	9637
6184	8125
7694	13471
6247	12251
9000	8297
6239	13440
6158	11565
10522	13131
11603	9796
9288	8427
6392	11542
10625	8411
11342	8304
11535	13742
9610	13794
8755	10495
10430	15562
10330	8828
10405	8019
11834	9673
6178	14655
10660	15216
8098	8185
11841	12964
6503	9758
11264	9891
11622	13132
6601	9108
11723	15709
7638	8912
11682	15618
11365	12782
6441	14938
6674	10556
8619	15738
6442	15353
11977	11587
6112	11779
11525	8446
11967	14018
8069	12965
11594	14941
11568	13146
8898	12875
11193	14899
6041	9828
6128	13914
6351	10546
7491	9294
8853	12248
9883	9835
9152	15782
7012	10485
10657	10166
11017	15088
6396	10543
9382	9547
11373	8638
8630	11475
10616	13241
10852	15867
8804	12554
7245	12246
6676	15403
11152	9030
11057	13060
6007	15268
10631	8978
11927	8819
9830	9424
6601	15640
11898	9547
8180	12623
7311	12637
11805	15854
9111	14020
7391	14485
8279	10290
8821	15908
7911	8499
7171	15714
6583	9322
11601	13985
8963	9321
6142	14616
11934	14128
6286	13577
10270	12938
6239	8944
9384	8652
6097	10359
6094	8147
6016	11040
8918	9851
10103	8489
7749	15254
9199	9348
11525	15955
6385	14557
6151	12371
8087	8748
6157	9460
10154	9939
11890	11399
11280	9207
10738	14375
6382	13652
9120	9871
6503	8303
10868	10245
10213	13532
8902	10318
11096	8952
11596	9902
7774	8376
6501	9977
10820	8163
6110	9458
6233	15804
11532	15453
10850	9167
7108	12132
6408	13226
6360	11923
9803	9824
7730	8379
10239	9166
9954	9096
11422	15825
9399	11116
6590	13229
10898	15099
8490	10272
6080	12149
11908	14683
6575	8493
6890	8437
10475	14643
6002	13964
6253	11223
11037	10896
11588	15420
7830	12374
7058	10202
6259	15085
11860	10294
6797	12575
6018	9513
6133	10558
10376	12533
7830	12552
10566	9847
10797	9399
6446	13717
11416	8566
9019	8636
8315	14561
11713	13676
8489	10503
6035	14002
6578	9160
9841	13668
9580	9596
9842	12435
10985	15937
10888	15641
11370	12562
7047	9473
10361	8042
6915	8309
9845	8355
10617	15704
8949	14271
11924	14566
6781	13806
8791	10595
11424	15498
10794	14661
7444	8483
6054	9006
6469	12769
11516	9241
10406	12737
11694	10209
6062	10891
11398	11022
8301	8217
11588	9035
7006	8108
7778	12858
11840	15272
9759	15865
11416	11597
9791	8169
11454	10253
11780	10338
7819	10532
9417	9681
6548	9232
9635	12954
11581	15088
7342	10388
9077	10139
7506	8561
11050	9122
8363	10157
11031	12967
11446	15544
11524	15113
6733	9044
11949	13006
11106	8535
7443	13344
7889	9430
11981	12774
6508	9591
6218	10266
7050	8823
6536	12711
6587	9511
11594	9234
11638	8212
9244	14932
10690	8774
6519	15965
11957	12217
8714	11652
8178	9600
11491	11314
11914	13189
9397	13170
10389	8947
9336	16000
11949	12506
9849	8155
7867	8556
6342	14041
6730	9898
7864	12272
11116	15678
6148	13656
8624	11064
6485	8693
6045	8869
6141	9291
10773	8211
7154	12210
9408	13992
8427	10564
6162	9833
8577	9574
11592	13671
7674	12348
7391	12001
9360	8063
10008	9839
9198	13019
11181	8610
9613	9659
7233	8880
10786	8615
10518	8590
6100	11533
8247	14406
7484	13186
8186	10016
11976	8977
9283	10558
9182	12878
10725	8901
11334	12972
10519	14335
6418	14703
11694	8094
9054	12239
7427	8103
9011	9841
11454	9380
6020	9867
6503	13927
11685	9134
6293	12984
7257	8245
7565	12604
8274	10223
7275	10059
11144	8975
6224	11444
6467	8020
6409	8641
9346	12729
10809	8343
11989	10026
6375	8261
8670	10455
7158	12945
8597	8279
11062	8079
9132	8757
7503	9220
11482	11594
6239	9234
11327	11088
11602	12924
7799	8751
10697	10404
6071	9459
9120	11895
6687	9846
6002	10371
10824	15117
6493	8199
10080	12850
9522	14253
10665	14191
6086	8447
10320	11853
7757	12337
11115	13611
10152	8391
9582	13967
10837	13266
6198	11775
10233	9885
9520	10927
11122	8491
11318	9571
11430	9779
7856	15913
10869	13869
8924	9709
10073	10373
9644	14391
6862	15260
11525	12440
8349	8715
9519	9271
11987	10631
6066	8009
6389	15603
8083	9444
6245	10534
11940	15604
7078	8225
7107	8747
11107	8851
11873	13367
6609	9280
6049	11235
11216	11618
11887	13133
11105	11099
7197	8239
9771	8115
7676	13158
7675	10539
7409	8338
6795	13061
11296	14424
8232	8157
6194	10418
6011	13298
11973	10823
11825	13019
11627	14088
6710	8957
6294	12786
9765	14362
11583	8278
9060	9897
6958	10009
8982	11831
8975	9172
11114	14574
6732	9545
11892	10448
11647	9237
6276	9801
10973	8589
11839	11355
9184	8115
8259	13404
9578	9169
11610	11081
10322	14420
11425	15738
9303	13295
8638	10115
11007	12348
11213	14186
6377	10591
9437	13417
11601	10352
10235	14340
8836	11053
8736	8192
6440	10361
11141	10380
7054	12869
6501	8529
6599	10541
11670	11936
6961	15938
6881	8712
11962	13741
9937	8893
11847	15881
9528	14089
8958	8147
6190	8295
11059	14962
10581	10202
7261	11148
8164	12441
10223	9793
10778	12712
10733	14575
6305	14522
9116	12137
9019	9968
8488	11111
6178	15878
11896	9680
6829	9035
7876	8642
6434	8869
11718	11974
11789	15950
7883	12755
8783	9998
7718	10948
8399	10740
8244	9101
8529	11754
6429	10610
9827	10194
6447	10406
11923	10815
6207	8248
11436	11772
6206	14924
8637	13708
6787	8814
6118	15341
6521	10643
11799	9542
6072	10626
10283	14866
10157	8918
10858	13022
6806	10586
11632	12426
11849	11102
6159	12042
11190	8657
10890	8588
7660	12535
10103	12469
6582	9885
10900	12653
8799	9327
9715	12405
8888	10255
10354	12113
6076	13914
8060	11650
8026	9539
11961	8072
11032	15510
6023	11817
10768	15358
6793	11790
7186	9253
6271	9858
8071	13589
11230	14466
11037	8389
10868	8487
6515	13011
10710	15939
6488	10689
6047	13455
10863	12769
10406	13193
11998	13616
11081	13280
6444	8544
11841	14926
11027	8331
11988	10409
6626	15689
11994	8515
6023	13924
8981	10308
7234	14439
6113	10649
6208	11250
11082	11180
6921	12659
11937	15917
11554	8244
11230	8248
6409	8197
6459	9799
6831	9184
7652	13713
11263	15059
10610	15378
6534	11952
6407	13478
6273	10376
7507	12333
6916	11099
9462	9627
10879	9392
7631	12724
10193	12812
9525	12784
6073	10279
8110	10322
6315	10368
11762	14014
9816	9337
11419	14029
6158	15394
11508	9660
9193	8683
6531	11854
6074	11753
9075	11467
11544	9405
6108	14131
10970	15983
9797	9979
9268	9376
11144	10460
6001	8441
6939	9094
6218	14231
6142	9062
6350	11317
10625	13400
8623	12166
7659	12878
6251	13054
7600	9568
7168	8565
10192	9263
6137	14667
11475	15216
6518	9011
10283	14114
7007	13772
6144	9417
11900	8034
6292	10859
10570	8976
10309	13482
10407	9187
7357	8179
6266	11551
7360	10005
10300	8383
8686	8736
8930	9954
11585	15225
8719	8124
9756	13766
9290	11472
6351	10858
7921	13709
6038	10617
10072	11579
7583	8972
11164	15827
7293	8551
7510	15608
11412	8157
6000	13692
9137	10854
7366	9146
9530	11445
10167	8502
8684	9510
9034	10550
6108	13150
9994	12807
6634	8742
6061	8571
8100	8486
6357	10244
6018	11266
9724	9330
8908	12988
11924	13495
6214	10132
9037	11892
10964	8635
6177	10767
9528	15505
6074	15905
11862	15133
11684	15329
10509	13065
6364	11725
11667	8254
11208	13563
6369	9901
11630	10645
11852	12250
7669	8986
6923	12923
11756	9844
7756	12784
11100	8715
6148	8559
11666	14029
10007	12556
6357	15732
11441	8934
7677	8425
8774	9874
8913	12209
10754	14134
7010	10932
11454	11044
11982	15007
11129	8372
6530	10186
10046	12797
6429	10092
9828	12810
11027	13240
6928	8562
10144	8131
11555	12603
6054	8725
11513	8229
11831	13345
9556	9680
6095	12717
10531	14741
6103	8541
10598	12124
6018	9255
10509	10726
11902	10332
11391	11085
6717	8868
7976	13003
9740	15592
7427	12650
11301	11153
6705	13020
10047	13177
6004	9357
11481	14185
11114	8325
6880	13157
11244	13118
11552	13578
6437	14604
11973	9067
10620	15131
6483	10286
6605	10477
11151	9926
10188	12887
10490	12876
11401	10356
6295	11305
7742	10205
7268	12879
11922	11354
8241	9654
11760	11787
7887	12652
11319	9814
6101	13476
11904	15637
6338	9227
8849	12083
6439	9453
7398	9638
7599	8255
9748	8024
11290	9761
6937	8604
10286	10462
7440	12981
9526	8193
10274	8648
6051	10140
6020	14434
11062	13339
6022	9148
7754	8320
6032	8166
6033	11759
6283	12942
11756	11007
6190	12098
11749	9553
10080	12688
7126	8337
8402	10236
11568	8455
7960	9771
10605	10675
10519	8533
8071	11784
10681	12856
9506	9129
7470	12896
7875	13389
8523	9105
10431	11800
10078	15970
11654	9597
6437	8058
11328	9878
7555	14531
11614	15866
10250	8574
9799	8049
6473	12028
6010	10214
11870	8685
7646	8378
6016	10978
10671	12594
10079	9479
6578	15711
11145	8750
11992	8318
6056	13262
6185	14444
6659	8257
6844	8262
7331	15857
10850	10319
11556	12358
11411	12899
7474	15724
11728	8061
11330	15700
7652	9423
11124	13450
7502	8761
11703	13086
10553	13077
10416	9349
10664	8201
10778	10417
11160	8157
6452	8781
11004	13049
10350	15572
9991	8198
8987	12051
11251	15195
7597	8538
10820	15932
11354	12912
10413	10322
11618	11142
11287	8568
10064	8442
10995	8008
11137	13523
8975	12977
10131	9297
6744	10624
10391	12928
8605	9755
9728	9961
7807	8577
9161	9811
9141	12725
11606	11723
7833	11531
10662	8046
10309	12523
8923	13959
9601	13036
6352	14789
11182	15038
6461	9669
11537	15315
6283	10122
10754	10197
11653	14917
9469	14648
6164	15140
6434	10306
11960	11394
6010	10737
11980	8208
6077	13094
10764	8363
8145	15100
9332	12865
11790	9678
9112	12211
11778	9079
11096	8653
11589	10781
7702	12767
6480	14488
10871	13500
8057	10488
8027	12711
11447	15333
7319	12092
10583	12820
8851	10303
11298	8519
8693	12374
6792	14433
9064	11793
7440	8311
10508	15561
8617	12515
11615	11632
11789	11369
8489	8818
6025	14323
10477	9875
6207	14326
7312	10648
6302	10994
8829	11783
8717	12198
8525	9698
10698	9752
11848	12428
9186	12767
11851	10923
9267	11184
6190	10859
10761	15713
6916	13801
11679	10685
11976	9903
7065	8100
11303	13362
8190	9407
7647	9510
6779	14787
11762	11413
10471	12837
6298	12270
11943	14711
8839	11357
8237	10106
6171	13733
9678	12269
6472	15405
8567	10167
6240	8120
10956	14128
10898	15485
8519	10902
11681	11322
11460	10914
10582	9516
10539	15644
11888	14903
7365	15709
11702	14125
6207	8085
7918	8146
7075	8967
7028	8427
11665	15272
7352	13961
11877	8809
6508	9414
6011	8352
6166	13782
6906	8478
8490	11846
6471	15960
10790	10749
7313	8092
7232	15779
6540	8064
11727	14072
7019	12088
7365	12177
11780	10737
10828	15055
7534	12790
11404	9295
6876	8940
11285	8900
11444	8533
8814	10283
9199	12227
10795	9279
11436	9094
7374	8431
6290	13787
11132	14923
8493	10001
7529	8211
11909	10283
8682	13096
8840	10242
9337	9606
6154	8966
6994	8700
7870	8369
6299	13121
8914	13716
10726	8392
9108	13842
6430	11010
6758	15330
6282	10734
6421	12616
11692	13484
9287	12195
6969	13280
7718	15929
7406	12737
11867	11319
7552	8650
6050	12198
6701	8491
10693	14665
11825	15414
6500	13457
11898	14607
6527	15754
6043	10095
11822	14818
7265	12168
6660	15340
6470	11337
6845	15365
11898	14855
10261	9079
10560	12711
9745	11657
9624	8303
6310	10820
6331	13667
10063	12616
9192	8829
9031	8150
11980	14228
9286	9219
6351	15572
6124	12855
11962	8256
6327	15683
6142	8609
6066	8912
9039	9514
6429	13369
6243	9122
7334	12274
8935	12273
6316	10418
9842	15796
7555	13937
6814	12643
11405	8395
9239	11998
11858	13650
11795	10858
9334	12032
8808	12634
11079	12980
10539	14448
6124	12755
7564	13058
11681	14550
6070	10736
11995	8557
11528	10364
7138	13928
7210	12656
8514	8257
8311	14729
7653	12595
6496	9641
6547	13172
6604	8089
11703	15235
6615	8778
11443	14587
8858	10579
11554	9675
11698	8298
6622	10895
6976	8623
7233	10942
10910	14397
9932	8596
8067	8001
8000	12512
6644	13040
6414	12833
9144	11377
10820	9819
11382	8344
6890	12976
6406	8500
9117	9669
11701	12497
8461	10144
10789	12951
10932	8083
7942	12712
9950	11853
9917	14676
11091	10735
6587	12932
9669	8876
6270	15532
10025	10284
9310	12361
11165	8859
6814	8545
11614	11207
11820	15149
8924	8904
6271	13748
10536	8920
6430	15445
6707	8588
6005	10588
9269	11577
6247	15137
6106	8368
6147	13465
7772	8238
11583	11403
7030	8623
11918	15704
11157	15910
6995	12830
7635	8503
9725	13896
6136	12450
10045	8158
9472	11026
10453	8229
11608	8944
8942	8458
10169	13134
6015	13411
11141	11262
10694	8257
8551	9236
8088	11179
8162	12984
7446	13541
8893	9182
9085	10294
11727	9165
6170	11432
6237	8511
10107	10586
7657	8659
10812	15829
7641	8268
6506	15119
6001	9053
11025	15214
11997	15214
6318	9515
11937	13132
11205	8573
9868	8961
7260	11971
10535	12778
8888	12539
11939	9095
6627	15452
10970	13505
11645	14790
10240	11047
9093	9603
6445	14323
9147	8330
11400	10484
10218	11207
10192	12145
6434	15673
11701	10768
10592	15904
6845	8984
8052	12322
6689	10830
11525	12824
6105	12498
8796	8272
8461	8209
9990	8963
6622	12746
9379	11606
11364	15010
11075	8353
11466	8680
11515	10255
11844	9138
7610	12626
6473	14682
6753	15421
11954	8342
9125	10395
6752	11686
9395	10267
6634	13290
9098	12507
8736	11034
7532	13117
6966	14804
6031	9778
10997	10587
6152	11747
10096	15876
10456	15729
11379	13713
11897	9737
6642	15139
11730	15938
6523	8877
6278	13934
9499	10625
11386	10420
9777	9097
11426	11398
9665	10626
7690	15559
8743	10117
8965	15676
6585	10037
11026	8594
11932	14642
11766	15818
8818	13363
9811	11176
11946	15660
7768	8984
9760	8292
6499	13120
8877	10408
11873	10727
6519	8711
6659	14529
6927	14937
11522	8885
11023	9774
11926	11938
9063	8354
9999	10498
8495	13015
7600	9853
10823	8211
10764	8773
10854	14728
10397	13284
11636	11437
6156	11800
10948	10226
9421	9419
11277	15440
10852	15336
9198	13142
11353	8224
11906	11006
9545	13090
10204	12234
11330	10361
7003	10575
7108	8014
11764	13691
10975	15410
11972	9721
9693	13042
6150	12946
11916	13635
6100	11373
6240	8285
11486	8359
7299	9939
11056	15323
11468	15709
11009	9446
11059	15778
11995	12675
7630	8170
11761	8157
10715	10575
11671	10122
10796	15278
9233	9517
9999	15441
10554	14990
6047	13705
8573	9165
10272	13055
6455	15156
7204	12115
7524	9006
7610	13299
10610	15464
10522	8041
11812	12068
8704	13347
10371	8759
6312	11119
7200	8723
8049	13432
11073	15718
9304	8514
9171	11632
10659	8296
10410	8482
7421	9362
10217	12986
10981	14610
6209	10502
7413	15920
11729	13238
6127	13739
8445	8326
9292	9299
11243	15622
11821	11632
6429	14068
11804	11451
8973	12148
11487	11467
8619	8369
11807	8741
10970	8184
10796	8665
11423	8315
6239	13496
9528	9626
10362	14659
11763	15505
11253	12930
8873	8120
6050	12645
6184	11474
6375	10898
9218	8295
6137	13293
11143	8651
6042	9586
10998	10094
11888	9261
9897	10933
11515	14867
9173	8916
7156	8744
11735	15471
10015	12482
10384	14932
6261	12027
6139	15090
10814	14821
6609	13609
9855	8452
8074	8939
6194	9752
11635	14963
9885	15261
9287	8086
6495	15254
7900	11943
9165	10607
11779	13882
11919	10239
6253	14606
8302	10152
11840	10461
6884	10876
9093	8267
9918	8527
11402	9708
6116	12664
9563	12659
8675	10869
6550	10518
8362	13611
10944	15915
6351	12239
7039	10067
10523	12928
10388	9618
10121	8613
11861	8753
11649	11381
11700	14901
11203	14827
6085	13784
11809	15478
10184	8093
11929	11249
9832	13473
11781	8810
6682	8104
7520	8424
8902	10455
6561	9120
11722	10163
11226	8093
6233	13891
8645	10254
8275	8400
8905	9398
11141	8125
6399	13590
10166	13777
11290	13245
6219	13093
6927	15693
7049	9283
11336	8014
6152	9194
9028	13057
8988	8227
6579	8749
10019	11993
10385	15666
10564	15831
6492	12721
11317	8992
11785	14683
8469	15813
11019	11131
11975	13480
9925	12884
10173	11917
10876	13070
6169	11028
9030	14435
6355	8918
10923	9074
11092	10664
11362	8056
6290	12330
9029	13213
11228	9098
6388	14906
6365	14085
6456	15575
9620	9507
8984	9398
6013	14572
11122	14238
8835	13008
10540	8190
11530	8361
11030	10659
8199	13079
10127	13540
11288	8162
7776	13752
11299	8300
11412	10589
11569	10086
10557	13265
7352	8002
11658	11690
6577	8048
6486	10012
6551	8787
8933	12599
10918	8034
10705	8027
11741	8207
9209	9568
7113	8488
11879	10375
11284	15245
6349	14838
7143	15370
11856	14506
6649	8885
6155	12493
6380	12505
7481	14065
10803	12576
6524	9675
6462	15210
6171	14358
10686	13477
10153	15594
6702	8822
11173	13382
11776	9786
8489	10433
7141	12002
10384	12828
11556	14123
6223	13735
7627	14660
11116	13919
10663	12324
10624	14714
11116	9692
11646	11037
9114	8104
6762	15751
7426	8442
9564	12876
7311	15959
11602	10530
11783	9729
11830	13546
9829	12519
11051	8261
6115	9385
7074	14040
11027	8163
11480	15379
11835	10564
7639	9630
6222	10306
9710	9845
10729	15784
9956	13497
11585	8890
11924	9142
6521	12769
7304	13266
6245	14183
9578	8134
7129	11253
6942	10240
6154	12983
6156	14229
8804	10197
10784	8926
7019	12710
6640	9023
11862	12359
6347	14514
11018	8536
6877	15818
6166	13055
10968	10668
6159	8088
10991	14780
8369	12033
6622	8174
9076	12407
6566	15112
11560	8412
9582	8784
11567	15624
10524	15917
6088	13737
7955	8032
10606	8209
7438	8669
11128	10785
9649	13417
6672	10464
6392	8548
9358	8113
6578	9944
6698	9178
6251	10061
11865	15386
8366	8022
9253	12512
6513	15182
8516	11505
10950	12906
6030	9636
10922	8845
11946	10772
11332	8135
9128	13572
8261	8091
11210	15096
10358	13119
8174	10775
11230	13008
7833	8173
11638	8882
9346	9669
10807	15554
11978	15062
11393	11669
11671	11105
11931	14992
7431	12698
6979	8954
11393	8444
9635	12860
10760	11985
6704	14082
6225	14574
11858	10244
11867	9872
7610	12673
6080	15186
10770	8125
11563	11473
11866	14563
6821	12781
6023	12135
6283	14480
9318	12658
7223	8123
6306	15746
6741	13601
7436	8210
6145	11388
11885	8485
6950	8876
6901	15045
7016	14574
11885	9112
11569	8580
8710	9862
6439	11446
8527	12539
8264	12502
7583	9064
10769	8168
7288	9013
10740	12935
10703	9463
10820	12929
11121	8432
6442	11199
11933	9188
7740	9715
6523	15491
7718	8669
8441	10032
11849	8047
6621	8493
6887	14401
6014	11989
11431	15599
9283	10694
6135	14188
7375	12637
11515	10433
11158	10988
6962	9140
10393	11411
10872	8190
6686	8301
6777	12374
6774	8550
6679	8529
7171	10815
11622	14741
7588	8174
10525	12686
6142	8010
9193	9013
6199	12282
10735	9249
11012	13088
7030	14889
11160	8249
6647	15564
6721	8373
8407	9001
11626	13304
6185	13239
9711	8634
6272	9593
11589	11921
11941	14447
8513	10375
10866	12692
9737	12121
11951	15546
8792	9259
6020	10176
7430	8022
9349	14348
10717	12459
7715	12623
10918	11883
7713	13210
6005	13771
10171	12315
11783	8437
7498	9084
11212	15795
11836	13130
10893	12892
6636	9867
11845	10873
11992	8682
11175	9076
8813	10494
7240	8314
8892	8211
9197	9753
11408	11485
6199	12885
9819	15157
11995	14796
11375	8748
10566	9090
7326	12396
6788	15917
6111	9771
7070	14779
10481	9060
10993	14926
7236	8628
6386	9445
8522	12895
10917	13575
8965	10546
11741	15079
6303	9303
6387	9247
8040	12124
7465	9159
6627	15794
11521	10809
6672	12967
10358	8387
10004	15733
10680	12939
6916	10489
11082	15260
8312	9260
8848	10453
9733	8370
7073	9905
6304	14810
6060	14267
11797	14776
9959	8006
6972	8417
11518	9303
11816	8901
11287	13093
7425	8066
7484	8332
6354	15164
10267	15820
9954	11525
8312	14916
11085	8403
10765	15952
6282	11030
8132	8074
11420	9979
6518	9146
11008	12872
11728	9883
6455	15793
11774	15555
7189	15607
7312	12843
8583	11913
11626	8259
10267	8044
6549	10871
7185	13599
7977	8772
6155	9588
8726	9939
11007	8055
6803	13397
6445	11504
8964	11651
11866	13722
11004	8483
6061	8128
7296	12779
9157	12818
7760	12250
6071	11284
6720	13325
11113	11816
6121	12801
7162	10692
10967	10513
10150	8802
7380	8803
8610	10948
6411	8016
11395	9650
10053	9022
6724	8917
11543	11680
11518	8276
10681	15635
9120	12580
10921	14478
6566	14818
6067	14582
6007	11641
9703	13348
6243	11682
7799	10743
11762	12667
7116	8387
11521	14960
6318	11695
9090	9538
11251	8292
11915	11510
10613	15985
7891	8431
6184	13689
6919	8358
8382	13316
11831	10194
11596	14893
8705	10953
8078	12869
10867	8540
11848	15823
11846	9911
9172	10939
7052	11051
6233	9425
11445	15655
6008	11395
11599	15697
10746	13833
8577	14528
7759	9882
11444	9434
11112	8057
8041	9035
6775	14161
7032	11184
11974	9121
6525	11299
10150	8673
10590	10104
8695	12024
6333	14635
10648	12908
11091	9979
6724	8015
6073	14178
6696	10742
9057	9699
10358	8545
6003	9713
6606	15906
6440	14528
7167	9736
10861	8134
11232	9044
8870	12394
10435	12887
8738	11831
11695	13967
9437	11705
6628	14289
6759	13989
6285	14913
11709	12400
6389	12059
7075	12950
11564	8982
8000	8001
7843	8009
11219	8521
6040	13533
11955	9023
8727	10565
8566	13411
10939	11069
9644	8129
8833	12862
6059	8251
6233	10373
10600	12934
11284	9681
11653	9361
9666	9759
11437	8117
7938	13868
11014	11614
8768	10289
6699	15971
10021	8873
10115	14403
11176	9248
10373	13677
10658	9668
6474	12321
9392	11481
8100	10573
11415	14974
9696	9542
11889	13415
8604	9342
11418	9024
6712	12381
6138	11906
11852	11210
8664	9025
6219	12493
11249	13287
10784	11857
8401	12487
9849	9652
7536	15920
6539	12405
8787	12820
11023	10734
6745	8800
11695	12944
9226	13081
10966	13359
6564	12659
6117	14264
11923	10534
6188	14883
11421	15391
6368	10994
7848	9091
8634	12428
12000	8274
9051	9260
6845	8589
10739	15043
7179	13193
8908	10960
7854	14148
6687	9361
8481	9416
9316	8706
11269	14724
10481	8290
10917	12776
7241	9061
9776	11451
9654	9186
10788	9734
10182	15843
10244	11368
6874	12611
11325	8649
10350	8885
10503	10219
8737	9052
6182	14043
9753	9609
6114	9914
6385	14290
8416	12372
6469	15853
6127	14779
10151	12769
7214	8827
7461	8532
6591	9228
9793	14645
7144	11413
6587	10210
11799	8132
6110	11615
6997	14312
11657	9708
11232	8687
7476	10148
6725	10325
7029	8943
10764	12522
6276	12377
7978	10592
10321	9329
6807	9997
10263	12468
9269	13578
6212	8895
11211	11797
6482	11633
8867	10358
11237	13407
6277	8591
6380	15644
6786	8853
7201	9487
11958	11786
11636	13918
9811	13047
9639	9823
11639	9186
7149	8160
10307	8309
11077	10488
6166	12795
8778	10156
7040	8293
10308	8251
6104	10031
11894	15780
7414	15817
6468	12612
6596	9054
9715	14070
10328	9527
7131	13264
9061	11268
11406	8833
11273	8656
11813	8329
9572	9336
7989	9220
6883	10987
7147	10383
8981	13819
6816	8230
11645	10245
7053	9180
11169	8520
6830	8801
7334	12600
8747	12622
11024	8893
11195	15597
8717	8376
6286	13672
6207	13819
6650	9288
11682	8458
6528	12615
7711	12508
6066	11052
9535	9515
6145	9727
6989	8905
9835	8211
6601	9565
11114	12886
10813	12093
11805	15314
6435	10516
6979	12647
11466	13412
6153	10730
10266	9432
6975	8244
9179	12967
6092	11094
8881	11949
11423	13365
11741	9275
7448	15437
8438	8650
7291	8329
10844	14145
9210	8382
11239	13349
6728	9336
8920	8068
6573	13848
11692	9068
11085	14737
11447	12701
11188	10337
11733	9001
10430	14742
11855	12126
8777	10240
11032	13453
11755	12443
7697	10331
8264	8804
9256	14035
9562	8036
8963	9563
8977	9246
6429	8965
11794	12384
6430	12988
11245	9255
11860	9400
11981	13429
9678	13127
10732	13715
8878	12322
10587	9589
6411	12270
6232	9499
8878	9460
11357	10603
11358	14475
11990	9584
10625	8160
6218	12573
6312	8546
6363	9396
9611	10383
10866	15969
6791	9396
10531	13020
11693	11240
6729	10245
6406	12746
6414	11146
11942	8024
6213	13405
10023	12862
7671	8845
6805	12891
9166	8248
7912	15356
6150	9365
11042	8946
11501	9089
6244	13786
10327	9238
9127	10766
6972	10827
6286	13523
6332	11039
11622	15931
6518	13240
9942	8173
6531	8567
6112	11730
9669	10091
9001	8948
11443	14338
11462	12000
8860	10104
11965	9318
11307	8948
11713	14996
10025	13250
10327	12583
6414	9779
9313	9529
6657	12786
6287	11251
6676	14771
11978	11263
9447	9524
11701	9841
6192	13864
6884	12776
10165	8333
9870	13138
6117	9494
9359	13235
7043	13227
11031	9379
6252	8230
6058	10025
10244	13316
11205	11898
11898	11801
11092	10228
7045	8192
6874	8670
7841	8467
11387	8298
6755	12799
10923	15359
10456	8446
7572	12825
11965	14179
7101	13021
6250	10904
6498	12662
10984	15332
6143	13872
6667	8932
11178	14973
8947	9447
6340	13924
10931	10442
10666	10246
7496	9384
6272	13210
9539	8319
6784	12699
10348	14546
8109	10859
6184	8440
6476	14110
10822	14917
10958	12810
6100	9722
11687	9196
11988	10779
6861	10669
11680	12681
11952	14760
11102	8766
11470	8149
6183	8640
7001	9409
10769	13057
11393	14868
6084	11698
6032	11355
6498	14634
11390	13003
6569	12756
11196	13105
11651	10174
11207	15238
10122	13279
8324	8087
8932	8577
6307	9468
9844	11923
10414	13471
7414	12840
6656	12851
8679	10787
10052	9334
11820	10064
11565	11035
6157	10941
10393	15758
10425	10215
9667	14223
6576	10164
6392	10117
9016	12825
6939	12604
6213	10587
6724	8419
10347	8490
11111	15794
6132	8838
6787	9294
10524	14173
11718	13019
6984	8458
6005	9674
9373	9744
11931	9594
7379	12687
11455	8485
11886	15908
10572	9281
6001	10543
9726	10174
6489	10891
11623	13738
11342	8600
6151	11139
9339	15744
11612	14836
9873	8255
7985	13082
10802	9891
6992	15223
11518	8766
6005	12079
6678	11213
11562	9567
11964	9986
7409	8396
11612	12511
7022	8739
10938	8791
11865	8395
6539	15303
11895	11466
9079	8815
10464	9703
11684	9272
11727	15535
10844	8016
7199	8399
6926	15430
9654	11207
10714	10845
6409	9659
10614	10775
10171	8253
8210	8712
7097	15760
8595	12945
11460	8395
8381	10338
6192	13582
11809	12855
9503	9376
7983	12209
10473	8399
6984	9284
6056	11395
11024	10197
8151	10485
9344	12522
6539	14962
11940	8928
11891	15173
6738	9285
9649	9336
10771	12221
11556	10671
6337	14941
8712	10363
6324	10182
6092	12572
7039	11873
11410	9347
8857	9988
6469	13507
9842	13999
7993	11284
11952	13240
6289	9099
7974	8224
6959	8725
11533	13037
10471	9961
6955	10705
11460	15793
7567	9295
11134	14843
11160	11166
10126	15777
6275	14558
11338	10237
11809	11516
7486	9461
11993	15160
11600	10145
10575	8048
9157	15385
9926	12156
7785	13593
6384	8695
7289	10766
7193	9318
11382	15548
6122	10749
6918	9030
7324	14992
11456	13516
6197	14530
11044	12711
7179	12285
6615	9195
11393	14799
6557	10382
7154	8684
7092	9411
6491	8247
11980	13117
8524	9309
11323	10417
7896	12516
6283	12867
11478	12892
7120	8644
6744	13910
11950	11839
6061	9888
11294	14942
8618	10304
11948	11480
6097	10818
6899	15159
6589	12062
10330	12643
7095	13530
6083	13871
8371	13464
6234	9676
11964	14308
7907	10877
10450	10536
8983	10242
9284	10299
6673	8432
10945	11760
10387	12780
9575	10279
10926	10584
11801	11043
6060	10964
6170	13999
9604	15972
10807	15882
11364	15937
6714	14603
11472	15274
8823	9405
11383	12954
11532	9129
11034	10268
6806	15175
6221	12149
6690	14936
6293	8932
6360	10806
7444	11336
9271	12445
6482	8152
11188	8715
7648	15679
10317	9834
11747	11620
7738	8162
9328	10047
6371	10296
9415	12361
11893	8645
6090	14938
6138	15194
11931	10479
11355	13493
8453	10364
9267	11786
7806	14684
10285	15282
9836	9744
6662	9728
9128	9736
7973	11156
6288	8985
11938	9281
11308	14769
7023	14424
6569	15516
11458	13759
11902	12773
6456	13084
11251	15911
10985	8430
7559	10518
10745	14485
8408	10108
6433	12667
11714	15036
8566	8706
6912	14204
6985	9000
6137	13343
6105	15555
6468	8938
6254	10660
6380	14452
11959	13528
6018	11184
7627	14793
10230	10567
7786	13204
11005	8273
8981	9512
11775	13279
7282	8601
8657	11327
8915	9269
11015	8736
9585	13225
10560	9676
6173	10694
6666	8980
11328	15976
11519	9024
11800	15666
11411	14659
6221	14781
11447	12949
11838	8971
9738	12008
8884	12657
9108	8975
11766	15722
11373	15735
10460	12123
11860	8339
10548	9033
11256	15558
10758	12984
8607	9094
10620	8062
11453	14784
6187	11669
7111	14505
6030	10856
11333	15236
6787	13128
11271	12868
10854	11504
7077	8668
10376	8679
11632	12753
7638	14955
11348	15651
6555	9984
7047	8140
11737	13439
10681	11885
6746	12136
11468	8281
6647	15880
8863	9535
11339	10889
6755	8721
6492	14910
7241	8358
10759	8024
9392	12658
8935	12420
11506	12286
7466	8067
6387	13882
11212	12870
11963	14594
7244	8020
11736	8450
6247	14521
9826	12959
10821	15412
6003	15004
7970	10497
11600	8112
11140	13709
8648	13230
6895	9383
10951	12746
11157	9421
6791	8276
7378	10294
7636	13025
10874	12595
9270	12762
11958	12021
11529	15906
11634	10947
7029	12173
11387	9878
6259	8388
11999	11055
11940	13396
8592	10048
6666	8573
7754	9530
11736	12890
6414	11085
11728	15123
8885	9779
6160	14133
7952	11044
6053	12337
6321	8303
6008	13022
11943	15438
11228	13899
11336	13081
9598	10840
11790	15257
11931	12268
9054	12469
9934	11092
6106	10594
7060	8397
10699	11227
11325	12011
6265	10947
10466	15953
8400	9215
11143	13257
8872	12459
10482	14848
11329	10702
11875	8140
11871	11603
9260	8016
11810	9500
11898	13250
8918	13343
11926	8211
11025	15963
6448	8363
6465	15722
8096	12526
11550	11344
6562	15864
11568	15142
11494	14262
11862	13190
11805	9449
11696	8504
6997	8333
10922	10940
11734	12047
6847	15451
8053	9789
10237	12896
8540	9619
11629	8992
6214	8803
7215	11537
6587	14760
6122	9558
8574	8179
6703	8066
11806	14901
6937	12309
10253	12783
8855	12933
11469	15005
10687	15392
7126	8289
7105	15114
10948	14700
6634	12695
6387	13268
11600	8836
11913	9063
10623	11142
10981	12994
8938	10708
11846	8638
10361	8281
11986	15399
11521	13375
7613	9693
11910	8148
11996	15537
11940	15490
11422	8264
7065	12733
6951	8531
8781	12118
7098	9609
6274	14644
6017	15418
6020	12394
11579	9450
9710	9046
9440	9896
6761	9007
6236	11865
6114	8178
7307	8168
9930	9986
6839	8707
6292	11927
11884	8442
9911	8086
6855	12934
6196	13124
6181	8930
10537	12569
11736	9120
11023	14687
7694	8596
6543	10076
11379	13409
6604	15388
6606	15843
6177	8220
6639	8120
11117	14121
6809	9455
10886	10011
11880	15018
7785	8081
11659	8307
11400	10227
6639	9537
9953	8119
10925	9622
6285	12591
7134	8965
11667	14999
7529	13284
9025	11364
10037	15650
10937	15543
11180	13009
10231	8691
10987	12767
11262	9554
7925	12975
11243	14627
8094	12640
11803	9346
8794	8818
11019	11054
6268	9546
11191	9479
6419	9205
9888	12026
7774	12591
6029	13333
11013	9990
7859	9621
11370	10092
7138	8911
7558	12652
7120	12648
11096	9015
6253	12294
11586	10039
10434	8714
6252	10336
8680	9696
10011	9178
6577	15176
8828	14110
11509	10074
6038	9395
6585	8956
6657	15616
6606	11812
9078	10426
9633	10519
9016	10207
7286	8380
7389	8949
6393	13770
11337	8181
6675	8753
11360	15833
11198	10278
6369	14673
11559	11191
7995	14188
10966	10146
6366	8753
6156	13136
6314	8788
9722	10918
6644	8403
11773	14729
6476	9497
6724	8201
7371	10201
11855	11053
7249	9714
6642	9950
9992	14759
10334	15473
10978	14858
8715	10022
6354	10083
11626	15457
6138	11092
10465	8033
7635	10861
6243	12970
11693	11452
9000	12419
11940	10935
10270	12822
11188	10044
8974	11739
6105	12253
9947	9638
11546	8501
6615	15073
11241	12765
6444	9995
6053	13623
10839	8390
6020	13592
7969	8333
10822	11395
8237	9027
7956	8439
11650	11854
11698	14797
11431	9600
11422	15944
9651	12169
11782	15447
6351	15103
10639	9125
10571	13131
11886	13596
7785	9775
9034	10311
11806	8058
6841	8200
7839	8259
7184	9071
6524	9848
7934	9624
10110	14728
10467	14983
11154	15723
11180	12810
11948	10320
6820	8013
6079	13366
11924	8618
11376	15977
6475	12977
7751	8579
10098	8335
11759	15300
6341	12886
10403	13926
6526	8663
11297	11397
6128	14015
11408	8216
7628	12406
9487	11580
9540	13022
7600	12773
6103	14988
11666	15203
6319	15627
9736	14515
10835	14469
10004	8436
6964	9046
11116	8197
11528	9469
6512	12820
9738	9177
8954	9777
6361	9652
6091	10703
6436	9123
6413	10796
10541	8699
6464	12826
6226	14646
8551	10018
11567	15030
6095	9885
6279	8311
11100	9562
6699	9787
7327	13574
8844	8051
9395	11940
6996	12768
6123	12010
10901	13378
6582	10995
6550	15664
6563	9817
10146	12854
10181	12725
6697	9255
6297	10462
6794	8711
6639	9597
9701	14825
6813	9346
8501	8957
11740	11347
6569	13463
10016	8094
8989	12488
7701	8089
11847	12018
10999	12446
6750	12235
11246	13981
6230	11048
10133	11811
11773	10621
11998	10532
6076	14770
11763	9494
10703	9603
7854	11008
11612	15784
7588	10278
6240	10624
6589	11999
11808	10971
10063	14879
6141	11955
11800	10418
6188	8529
11125	12980
6239	13644
8179	13489
10099	8163
6245	15957
11298	15643
6057	12971
11058	8746
6313	10592
10438	12339
11027	8103
9787	8665
10256	15915
8629	8001
11524	10894
11892	15277
10430	9005
6278	13086
11259	15503
7542	8531
6182	8846
11917	11750
11266	15852
9579	9418
6897	9129
8641	12238
8853	14756
6701	10388
10453	15637
9106	12670
10351	10565
9772	14956
6898	9508
6387	10741
6939	8772
9535	12942
10279	8099
11372	8685
6233	9319
10330	14277
10690	14287
9382	11231
6174	13278
11840	13601
10610	10909
6303	15126
11523	15019
11966	12622
7680	12713
6761	12994
11496	15324
7815	8217
7095	10579
11359	8377
9532	8085
6936	8450
7463	14649
10850	8073
10714	12974
8970	9904
6888	8389
11657	8405
11176	10547
11178	15306
7691	9803
10350	11654
6344	12456
6175	11070
6187	11600
11932	14069
6125	10114
8183	8094
7977	8952
11968	9672
10083	9765
7468	10361
9869	12889
10997	14408
11823	15709
9991	15296
10564	10475
6849	11663
11041	14041
11573	13872
11906	13886
6281	13887
11147	8697
6450	13640
6684	9567
10333	11145
9739	12968
10210	8622
10825	15626
6171	12572
11964	13871
11078	15965
6229	10209
7310	8749
10542	11064
11987	13973
7474	8120
10622	14946
11180	8930
11748	8598
8505	8052
11655	15158
6891	9323
6007	10500
9125	15206
11464	10787
9347	8309
7367	12869
11765	13544
11975	10103
10810	12770
9494	11855
11390	12713
7325	12890
9042	10258
10990	9675
8966	11472
6353	14363
10888	14862
9921	9018
11117	15309
6248	15041
10167	14866
10541	13970
10081	8267
11711	15299
6099	10155
8465	9254
11306	9927
11049	8999
10808	12857
7866	8046
11910	14021
8231	9771
11610	9087
6948	8276
10641	8834
11108	11935
11458	10468
6340	10718
10814	15687
11395	15344
6068	14722
6891	10418
6005	8855
11723	9793
11782	14854
6318	10226
11389	13550
11525	11528
10899	13300
10860	12932
10949	15155
7776	10432
11479	13584
9455	8925
10333	9156
11413	12146
6798	10222
6156	10168
9726	13205
8218	9286
6344	13778
6944	12776
10784	13385
6189	12337
9967	10838
9496	14418
11204	8137
10461	13091
8868	12788
9046	11030
11214	12958
9043	10827
6548	10937
10697	9199
11532	15367
6237	8611
10398	14825
7615	8308
7595	8352
11736	11547
11404	13625
11810	10287
11489	8573
8426	8896
9833	11051
6100	13325
7167	8818
11646	13838
7285	8795
11253	8203
8995	10491
11996	9861
7752	8114
6064	9500
6412	8291
11516	14470
11718	9517
7573	8214
6869	14719
10352	13173
7427	10733
11522	13525
6116	13111
9383	10706
8402	10489
11877	15686
10399	8222
7383	8480
11613	15276
6043	12602
6287	9202
7864	12854
6562	8106
6942	8991
10936	8571
10930	12520
6822	12297
11341	13023
9338	13017
10837	13427
10517	12506
9917	12628
6081	9156
11362	14571
11502	15539
6326	9177
6122	11667
11129	9312
6337	11268
11227	11198
10006	15923
7193	8932
9514	10024
6340	10032
11605	15050
6278	9745
7278	9525
6464	8735
10026	13812
6840	8090
10533	8853
6398	9003
11982	14360
6195	12235
6549	8317
8343	11112
8956	15820
11899	14522
9380	10521
8572	10341
9172	12532
10718	13243
6094	9663
10236	12676
11450	12834
7414	11208
8726	12886
11321	9390
11520	8130
7820	12049
9705	8248
6630	10398
6324	12401
8320	9018
8406	13920
11893	13312
8902	10070
7733	12430
6610	12872
6648	8613
10561	13196
11891	15517
8741	9437
9834	12137
6710	14850
7332	8792
10279	12150
11541	8316
7688	8364
6458	9170
11894	9931
6189	9665
6011	8268
10038	8213
6295	11355
8991	10943
11311	14337
10056	10093
9546	12144
10286	13179
8816	10346
7734	15056
7996	9418
7602	8132
11939	9243
11452	13675
11446	8070
7919	10430
9994	14974
6644	11068
6108	12977
6403	15147
8516	10571
9625	9034
8402	12947
11994	13706
11752	14971
7672	12188
11285	13034
6374	9049
11853	13844
7318	13676
10231	9545
8659	9181
6337	14247
6259	8167
9291	9019
10460	8609
6022	10665
9001	10661
6306	10008
6269	8470
6051	13755
11458	9725
11144	8029
11246	12707
8432	13185
7476	9634
11749	12545
7004	15715
8790	8983
11769	9973
6951	15787
10390	10452
10843	11110
6747	9180
6111	8641
8673	10205
10325	15956
6227	12927
9290	15280
6621	8034
11760	9442
8930	14946
7765	14866
10640	15569
6368	15308
6979	9499
6332	9123
11181	13198
6385	13174
10736	8966
11234	15342
7451	13887
8315	9701
10647	9360
11730	11893
11850	8935
10924	11428
11153	9194
7692	8233
6232	14473
6679	8026
10644	13529
6182	12928
10470	9426
7325	8232
6489	15459
6482	14984
6860	13082
9581	9884
8579	10115
6483	14373
6699	15542
10870	8251
9146	9275
10903	12195
7720	9644
9378	15885
10662	12643
8250	9186
10370	9726
7227	13033
9861	8591
8334	10094
7733	8059
10279	12873
6340	12665
8855	12593
11223	8331
6108	11826
7341	8055
11938	15752
11340	13973
11335	8732
8519	9842
11095	8238
9112	9056
9378	15421
9051	8065
8772	12035
11886	10201
7493	8381
7896	13524
7678	13962
11689	8967
8046	8354
6447	8224
6997	8662
7724	12902
6537	9498
6174	14762
11740	8494
11874	14069
7415	12354
11479	13071
6066	8959
10762	10260
7527	8604
9332	9093
9018	13520
11520	10610
8945	12347
11967	8850
9354	8013
6449	8825
6232	10414
8712	10475
9998	13384
10624	8691
11684	10423
9935	12502
11946	12819
11957	15361
8601	14234
11011	12530
11545	12752
11991	10347
7379	13787
11563	15272
11564	9826
6977	12960
7560	8014
11009	15274
11273	10395
6643	12433
6199	12971
9615	11894
6462	9573
7080	9056
10128	13203
11178	13060
10719	12657
11442	15169
11300	8480
7781	13303
6058	13212
11942	15149
11689	14496
7714	11536
6080	14446
6939	8043
10639	14865
10274	13594
7893	10549
7464	8412
6860	8889
6471	8987
10235	15514
8767	8033
6482	15307
11386	9523
6708	9465
10139	14522
6009	8495
10590	10294
6045	8427
11818	15362
6954	8327
10689	14782
6146	9636
6067	9939
7516	12563
11861	14772
6154	9937
11685	13213
8598	10831
7605	11632
10179	12607
10936	9016
6823	12194
7675	9708
7699	12822
6601	8612
11800	10236
7364	15127
11501	13840
8898	8808
6190	8600
8303	15651
6775	8319
11090	15505
6314	12502
6054	12242
10744	8670
6398	14501
6125	10314
7538	8467
6707	8160
10209	15177
11895	15420
10959	8034
10060	8007
11142	8076
8716	9575
10121	12901
6134	9682
6492	9706
11036	9548
6204	14978
6053	14133
7417	13056
10140	8190
9089	11574
8108	14954
11330	13886
6444	9534
11873	8590
11503	15159
8063	14526
11876	11257
11959	9625
11282	8379
6481	9124
11375	11735
8216	9881
9374	12268
8692	12634
8393	9423
11676	13775
11311	15805
11588	8015
6604	8420
10681	8088
11385	15617
6622	9152
11127	11726
6235	9825
9239	8200
9397	12994
11569	8058
6220	13267
11052	9309
10925	15296
6004	9601
8923	10641
6011	13838
6487	9459
7528	9546
6072	12535
11539	10140
6065	13572
11752	10784
6207	13530
11914	15823
10988	8375
11299	15102
6305	15015
6405	15548
8660	9918
9775	10549
8681	10275
8761	10336
11056	13116
6038	10765
11825	9264
9371	14189
10328	15378
11060	8132
10988	9589
11207	8841
11938	12932
10576	8549
6106	11140
9198	12138
11726	8009
11487	8921
11424	13842
7360	11020
9284	10223
11578	13265
11827	8783
6602	10265
8945	11295
6904	12239
11077	8459
9358	8216
6151	14955
9442	8228
6533	8265
6330	8094
6105	8321
7214	10601
9341	9966
8307	9605
6666	8843
11952	11036
7881	9693
6038	8304
11942	10433
6208	15022
7900	9181
11714	9472
11587	13201
8651	11571
6385	11231
7615	12498
11817	8602
6427	15309
7071	15289
6060	8776
6492	12181
11004	15891
6023	10013
11762	14805
10741	11469
6945	9237
6826	10137
11521	11757
6993	9873
9986	12744
10933	10369
9485	10332
10202	8362
9113	9336
10719	9143
6788	9167
6653	8069
11601	8179
10026	8789
10963	13090
10682	9020
7024	15899
11694	11513
10322	10356
11675	10921
9220	10551
11608	12092
10922	12855
11121	9485
6870	10008
6014	12516
10910	8307
6309	14670
7281	11824
6893	8105
9140	12927
11019	8219
6209	10666
11856	11959
6101	13636
6426	10457
10674	8143
6144	8403
11576	8366
11899	16000
7567	9458
6054	10808
10970	10875
6775	8207
6013	10332
6251	12619
11218	9804
6952	14056
11360	14629
10591	12296
11302	14668
10255	14551
10984	8764
7661	11063
7086	15674
6616	12521
6193	9798
6200	10547
7323	12731
11805	10911
8116	10226
11860	15656
11021	11713
10152	9169
11313	10051
11443	11118
11970	12300
6462	9215
9036	14841
7789	8659
9516	10505
11631	10585
7414	12440
11912	10401
7563	13212
6288	8217
7041	13023
11475	15934
6767	13482
7907	10014
10851	8629
11319	15933
6694	8624
7984	10788
7484	12788
11348	8475
11602	8739
11507	11233
11730	8547
6413	11324
6630	10181
11822	13696
7771	8031
10686	13036
7033	8245
11602	9353
11408	10836
11760	14619
11633	11497
9482	13093
9964	9514
11656	12225
6925	13074
8538	15353
6747	8610
11386	13272
9976	13929
6133	8049
9763	9688
8958	10866
6618	8263
11682	9011
6682	13719
10950	13147
11870	11157
7683	8051
11744	14558
7150	8513
7712	8911
11515	8175
8810	13103
11557	15673
8802	15081
8063	8265
11660	14690
6289	12153
7578	9938
6046	12293
8851	10870
10200	13255
9260	8635
11485	15976
11651	10799
6699	10042
11938	15237
6462	11705
10391	13571
6975	14688
8247	11268
6215	14137
6749	12897
6815	8669
10817	13196
9766	12328
6425	15490
11716	8383
7672	10755
6771	10120
10693	10650
11651	12586
6961	8184
10484	8081
6297	10635
11972	10281
11489	14531
10445	9127
10105	8854
11877	11660
9354	14815
6421	9925
10871	8864
10666	12993
6385	9350
8757	12383
10740	14875
7891	8094
6276	9501
7686	9575
6017	12452
11269	10251
10717	8545
9498	13816
6684	8665
9421	8735
6232	13594
11533	8028
6854	8054
6455	10843
6222	13011
10402	12270
11554	11123
11929	15038
11986	14077
6629	9488
10173	9730
6867	12558
11645	15503
11033	8434
6665	8152
6502	9898
11781	8574
11668	11774
7487	8458
10958	13039
11620	9544
10243	10797
6500	11009
6142	8138
6378	15349
6330	15285
6330	9354
11646	10309
8904	13165
11440	12239
7505	8172
10775	13238
6287	12539
11553	8720
9293	10481
9911	14561
7260	10510
7402	9013
6388	10060
6867	9585
7244	8081
6113	8932
6624	10132
9993	8645
9294	8818
9788	8341
8526	11260
6263	9276
9754	13408
6664	10987
6210	10088
11715	10721
11291	12803
6367	14733
7535	8301
7925	12093
10033	13314
6820	9811
11913	13744
8702	10153
6357	8006
11784	8986
7407	8245
7250	8522
6575	9367
6034	11437
7077	8619
6875	14094
6176	9553
6647	9818
7308	9785
10345	12751
11948	14825
11220	10637
8184	8043
6063	11579
6349	13326
7573	10639
10912	9338
9327	9798
6773	15243
9082	12335
6008	9007
7426	8615
7135	13084
6037	9980
6835	10508
9453	12938
7571	8575
11544	10493
11633	13246
6476	10093
9287	15582
11278	15954
7036	8891
10473	10434
11764	10949
6112	11428
7456	9039
11614	9413
11897	11565
8797	13835
6807	8409
6742	15880
11780	15111
10634	13924
11318	9508
10973	8526
8834	10046
11208	8480
11775	8305
6685	14205
9337	13686
6766	8679
6066	13176
11523	15243
10019	9083
11811	11220
11199	8226
11807	10113
6742	8064
11756	15770
10836	12813
6794	8980
10587	8866
10863	15792
6383	11044
11818	12574
8553	10488
6133	8503
11186	12910
8388	9682
10639	8345
11420	9479
10460	13035
9447	12785
10140	8080
6553	9002
8709	11435
6610	8662
6611	12808
8778	12267
7089	8169
10087	12755
9291	11903
6241	11917
10270	8878
6403	11777
6841	14969
11567	12969
6447	15627
9140	13282
6119	14576
11687	13280
11426	13102
6501	9185
10865	9096
6234	8703
11504	14912
11533	10305
9468	12200
11974	9770
6269	8035
9473	8168
6031	15803
11208	11042
6789	11271
10661	12752
8254	8915
6507	15356
11996	12133
6781	12942
6357	9482
11869	10531
10557	8243
9967	13669
6479	13337
8769	12946
10431	14391
6259	10582
10819	8522
6665	15836
11956	11631
6421	8921
9076	10635
10985	11224
11731	13163
6306	13182
10310	12410
10363	10002
10911	14789
7243	13363
8946	9104
10760	15635
11538	8546
7198	8536
11228	10508
9780	9889
6166	13377
8512	10325
9077	9790
11884	8537
6200	10906
6014	8810
7732	8501
7863	12193
11814	9400
6637	14111
9936	15553
11429	11885
8313	10488
6421	14391
11832	11569
11607	8411
11708	14449
9252	13489
11481	15481
10486	15249
6415	8735
7096	13690
11414	14735
6328	9915
6682	11129
6685	13083
11848	15507
11879	8991
11678	8650
6650	9767
10819	10164
6260	14390
10890	8692
9064	11677
7667	9141
11999	12987
9424	8377
6244	14878
6461	9954
8062	9686
11984	15637
8662	13527
7016	9219
6020	9302
6486	8064
6602	8376
6309	13229
9936	15974
10126	9076
6122	10509
10373	9915
7284	8210
8873	9333
7114	12865
7798	9677
6370	8308
6038	13375
7193	13109
9772	8232
6027	12738
6756	11932
11878	15075
9934	9417
11470	9214
9679	8809
8825	12492
6815	8625
8693	8594
9180	8515
10397	9092
6901	8053
8488	12172
10533	13848
11406	14529
8220	10574
9185	9927
6688	9309
9999	12118
6245	10706
11485	10136
10774	10349
6062	9303
8744	12506
10914	12447
6372	15451
6136	13020
11840	10610
11694	9320
9072	12065
10931	9277
10073	9135
7026	13151
7586	12557
6757	9242
6336	14574
10699	8833
6596	9005
11204	10456
7096	9166
11817	12735
6162	10490
11963	15705
7549	8159
7514	8354
11902	10900
6346	8716
6239	15686
6220	9583
6488	10743
7733	8779
10829	9522
10256	8336
7473	12506
6005	11226
6676	15777
8296	8151
10995	8941
9835	10417
11612	9857
10668	10073
11186	8009
6250	11729
6041	11716
11357	14750
7435	12783
6419	13042
8154	9208
11347	8516
6157	8262
9136	10685
6313	15457
6540	14587
6085	8055
7971	8678
6052	13959
10203	10010
10126	8993
7963	8166
7037	9090
11283	9451
11523	8955
6269	10425
11380	13192
6402	13535
7284	12493
11881	8289
11833	8826
8981	10029
8440	15669
9007	8853
10154	14619
9929	12557
10638	12459
11256	8113
6629	9693
11810	15993
10980	9509
11086	10421
8876	11687
6340	13152
11176	14613
11629	10474
8994	9679
6520	8612
6190	13200
11464	13197
11805	15799
7708	8129
11971	9168
9389	11366
10039	13585
6569	8909
6554	8607
11827	8700
11195	9875
7046	12644
11160	9754
9039	12550
9296	10620
6461	8326
10829	9229
6861	12377
8652	14722
6662	15940
6932	8230
10556	12436
11347	9451
8091	11547
6059	13315
11816	8378
6135	12179
8090	12719
10488	9603
11521	12676
10210	12766
9517	11968
8811	10967
11992	15266
8615	11669
8816	9769
6193	12456
6695	9945
6204	10721
11557	13318
6323	9865
6563	12812
6361	12755
11961	11314
9590	14553
7819	8050
7022	9623
7502	8503
10450	15060
9469	8086
6725	15780
10575	12760
6836	12716
6873	8179
10010	14348
6590	13951
11393	11955
11608	15647
8631	10169
11883	10777
10720	8119
10714	8626
10368	10883
6161	13095
11116	9856
9752	9390
6268	13347
11724	15364
10081	8387
7396	8751
8501	9032
8487	9560
6089	14044
9325	12957
7195	8777
6682	8343
11891	14960
10754	15894
8499	10192
6109	13593
11559	8200
9598	13132
6083	13526
9304	9716
6320	11398
9295	10383
11307	15750
11907	12313
11860	14449
8943	15991
8860	12162
10625	10373
6600	15298
11251	8151
11412	8716
8932	13238
10378	12602
10522	15469
6524	10121
10827	10677
11984	11439
6552	15615
6516	9289
9421	8105
10387	8104
6804	14624
10542	10033
6745	8573
10758	15510
10948	15236
6429	10690
11389	15900
11714	10956
6091	10999
6057	8381
6014	14764
10810	13673
10502	10303
9908	13207
6557	13397
8679	11917
6558	8362
11998	14417
7098	10128
9741	8182
11816	13500
6209	8158
6606	9787
10773	13304
6774	8020
10497	8986
6444	15904
11792	13156
11947	8755
11787	13334
6651	15999
10889	11231
7319	14696
6789	15635
11609	11325
6188	9501
6769	9699
6495	8762
7970	9688
10105	8542
7525	12871
11786	10562
9912	11375
7278	8126
11370	9937
6020	14165
6928	14501
6132	13245
7819	8121
10846	12516
6829	9132
11222	15463
6162	10448
11916	14782
8190	8590
10412	9264
11606	10202
9818	12868
11338	9711
11674	15851
6569	8648
6526	8440
8761	14888
9451	15031
10678	9078
9598	10075
8667	10397
6276	11175
6023	15183
6972	8576
10718	8171
11282	8437
9364	9899
6159	11631
6824	12982
11962	10060
6240	10013
9955	10395
11324	8440
11834	9573
10389	14142
7174	12841
11646	14228
10621	15288
9885	14121
6098	12201
6507	14766
11939	15193
9844	11562
11605	9287
6201	11397
11916	11629
11717	8164
11902	15473
10069	10197
7491	8290
11336	15595
6201	11724
6961	8823
7708	8317
10929	12708
6844	9411
7459	10600
6347	11086
6069	9755
11466	9045
11633	15605
9669	8726
11166	9542
11039	12766
11465	10030
10319	15878
11472	9151
11877	12595
10140	15925
11857	9083
10470	12595
6719	8734
6131	9158
11606	9597
11002	10330
6845	9227
6100	15482
6201	12715
8296	10845
9241	10356
11178	15866
9491	10221
7018	13928
6168	9241
10247	8197
11272	12612
11040	8028
11298	10517
10094	8746
6967	9620
6383	14957
9814	13131
7452	10039
6743	13194
10835	12892
6785	9875
6170	8333
10451	10053
6084	10778
10314	12239
6289	13473
6088	8497
6232	9727
11884	10002
8427	12856
6033	11679
6398	11679
6100	10406
11346	11829
6365	15047
6159	15285
11736	15584
11331	14832
6419	8586
11936	15092
11560	10845
6465	12475
11478	15426
6410	9828
11183	10734
9420	12719
11509	13456
11884	10491
6011	8135
9097	13192
10459	12457
10578	8437
11470	8775
9664	15914
6186	11517
10788	10545
6383	12392
9015	9461
11265	10993
7370	8536
9467	10426
6974	12897
11269	8340
6185	13916
8901	9583
11222	9662
9936	8276
8601	11199
11216	10203
11850	10995
7852	8311
6776	9494
6581	8569
9018	10143
9676	9693
9991	12933
8181	11724
11986	15109
11168	12956
6354	14409
10454	11270
11996	9951
6247	13114
9221	10478
6141	11857
6050	11627
6262	9454
6101	14631
6626	8976
10414	8380
9910	12697
10730	9958
10578	14813
7462	11631
8647	12878
7256	9356
7405	8285
11996	15675
6872	8224
6651	12290
7269	12979
11888	8100
6231	12668
8618	10496
9458	8019
6035	10709
6152	10024
6103	10468
7347	9064
11189	12162
11492	9781
8659	14991
6834	8445
9022	11107
6325	10122
8800	11444
6581	8291
6150	13956
6815	10438
6376	8219
6247	10468
6822	14517
11085	8587
7644	15849
10802	8248
8678	9989
6894	8981
11176	15961
6069	13662
8163	14060
8808	9930
8492	9920
6596	9614
7249	15512
11977	14689
9800	15487
9886	9486
7176	15007
11127	8607
10069	9897
11524	9520
6350	11581
7139	10493
6451	8505
8916	10577
6283	9148
11910	12385
10274	8149
9175	10101
6477	8571
10912	14930
9936	15806
7089	9008
11979	10186
6478	12919
7214	9995
10120	15701
8998	14123
8838	9607
10538	13740
7636	9279
11008	13304
11967	13183
6394	11275
11102	13147
10473	8497
6831	12047
7572	11461
11013	14307
6853	8416
8991	14684
11258	14880
8133	9058
7803	10862
6300	8364
6259	12484
8858	10648
6108	8258
8284	8306
8395	10972
9906	13399
11566	14496
11691	15072
11666	13022
11985	9480
6481	8388
6236	11498
11070	14376
11265	9377
11808	8006
6506	10248
6250	12712
6313	10274
11931	11577
9544	9048
6256	13385
11105	15371
9798	8922
11687	8032
11438	14836
9919	9167
6188	9709
11257	8537
6828	13582
7716	10634
11137	9624
6006	11563
7486	12642
10080	11299
11434	13035
8058	13738
11810	9104
6369	13829
7875	8232
11512	8399
10781	11611
6964	12711
11281	12978
6928	8412
10579	14080
6120	10065
6180	10217
6991	13077
11316	13434
6826	9268
6282	8120
9076	12715
9667	13577
6410	14759
10504	9365
6856	8745
6095	11487
6470	13573
10999	13137
11292	15586
9496	9797
9165	12638
11628	10413
6917	8644
11112	12303
9893	8196
6273	9980
11478	14644
11260	9833
11764	8896
11911	8331
8042	15686
7431	8142
9951	8807
10012	8256
9291	12911
6557	8001
6458	11259
6326	15802
11695	11600
11411	15123
10196	8859
9091	13069
10786	14026
11954	13293
6381	12637
6213	13354
8321	15831
11233	12822
11859	14354
6435	8686
11631	14166
8902	11211
7243	12829
11786	10028
11087	13218
7144	9032
10774	10637
8674	15207
11525	15726
11628	8028
6683	13238
6922	12130
7244	8994
6285	13422
11077	12560
9226	9623
6208	12819
7544	14423
11357	9212
6286	11832
9892	8395
11121	15986
7862	11177
11149	15636
7642	13226
8377	10023
8229	10457
6090	9532
6810	15850
11885	12083
6299	10159
11534	15498
6207	15533
7075	8874
11225	15959
9040	9176
6707	10145
11643	9042
10927	12080
11946	13598
8306	15130
8533	14068
7725	14398
10143	13938
9048	12881
11974	12461
11793	11931
6342	11782
6535	13528
11896	13686
10020	8364
6097	13696
6912	13688
7805	8002
8935	15464
7224	8273
6211	15293
11041	15387
6816	8170
6060	12379
7880	13278
10918	13675
9913	14468
7687	12091
8089	8039
6547	9191
9363	9484
11789	8196
11968	9390
11821	8218
7127	8862
6187	8372
8743	13034
6351	13435
9217	12812
11523	15859
7609	8000
7508	8087
6776	15970
6418	8124
6044	14970
8116	15965
11781	15614
11597	8686
11494	8522
11709	9658
6228	8364
11085	9181
11689	12808
11067	8192
8621	9832
6325	8137
8253	12763
11613	8071
9181	10425
6612	8855
7524	12683
9208	13675
11243	8579
9890	14827
6237	10857
7116	13171
7293	9155
11048	11460
11035	12917
10468	13142
11909	11700
11018	9903
7780	9609
11834	15049
7354	10867
10719	9390
11187	15160
11674	13607
8120	13306
9835	12652
11761	8247
7250	8683
11631	10888
8506	10780
11744	12330
10617	12724
8824	11888
9099	12775
7247	8165
6243	9177
6339	9078
6583	15763
10547	8496
7867	14339
6510	14528
8741	8485
6408	8783
9602	12045
6136	10790
6596	10353
7494	10242
6638	9071
11763	10081
9741	8076
10582	8326
10830	15744
11734	9064
6301	13278
11827	12189
6114	14821
8955	10450
7043	12784
11826	15096
11380	8013
11780	11847
10917	14545
10340	13242
6223	13313
8296	9848
6271	8641
9203	9435
11831	9053
6169	12755
11712	12263
6359	12843
7209	14002
7651	8328
11951	9859
11446	14470
11381	9581
6129	15794
8165	9684
9848	10055
6744	8472
11951	13792
10307	8572
6383	8953
11503	8635
11656	9839
9839	8524
6115	8734
8846	10736
6702	14458
11046	13176
7948	11659
6329	10767
6950	9371
11253	13207
6761	15576
11051	9708
7277	12726
11211	15529
11831	13758
11697	15982
6154	8890
6060	10391
8016	10321
9470	13017
10106	10806
9510	11297
6322	11169
6410	9880
9612	12378
10644	12395
6564	12142
6658	12202
7054	9812
10170	8566
8836	11259
6019	8599
8039	15527
11642	13529
6726	12852
11432	10170
9777	11321
10101	15087
7517	12612
11621	9943
6107	13832
6049	8471
9887	10122
6673	10653
10859	8337
11820	15579
6032	13803
6765	8760
9454	9003
9696	8303
6911	9852
11492	10199
11990	11354
11706	13889
7177	10204
11673	13142
6712	15618
11148	15086
8216	10197
11172	8794
6147	12895
11306	14525
11151	14689
7987	8130
9573	11098
10142	9566
6111	11573
7145	8466
9849	8029
9753	9473
6771	9650
6735	9391
10951	10779
9366	8446
8599	13881
9968	10620
6533	8750
11647	8705
9253	12866
11207	14755
6028	13663
6466	13026
6554	11055
7346	12805
7547	9132
7095	8584
11131	12929
6474	10487
10702	15303
9552	15339
6034	11307
11608	15530
11887	15956
11300	12105
8381	8819
6759	11575
10911	10697
9212	12582
11961	8642
6488	8617
11945	9499
10128	8238
6284	11498
6138	10230
9948	11233
11488	10725
6523	14221
10311	9633
11624	9484
11611	10838
11694	15674
7941	14624
8553	9952
11827	10379
10941	15610
8419	9946
9890	8757
6236	11771
11915	9977
8456	10231
6612	15969
7186	9400
10964	15851
11751	12196
6386	9110
11700	14604
6322	9820
7774	9173
6259	14337
6716	8547
9211	10710
11093	9779
9879	9565
7793	8285
11964	10505
6124	13795
6588	12703
6052	14648
9059	9407
11926	10731
6863	9091
10727	15573
9275	8342
6588	13683
11644	14871
10625	13653
6337	13609
6436	14445
6148	13214
11649	15893
6514	8349
9047	10717
10877	12975
8430	9509
6005	12261
8964	10102
11225	8047
9377	10098
7213	9803
10423	12614
8801	12432
6875	8778
7091	9759
10806	8046
6294	10689
11483	8193
10917	8526
8425	8421
10338	10237
6490	10599
6284	14022
6294	14965
10027	15829
6498	9533
9198	11887
11950	12720
8171	8166
10866	15255
8983	10768
10647	12010
6636	12916
7027	9548
6994	8288
11444	10401
11134	8811
11557	9337
10747	15437
6012	13499
9355	8954
6935	15324
6045	10242
7188	8993
7982	12395
6199	13973
8842	14440
7742	12721
6688	8887
7471	8590
8376	11580
11231	11456
6392	10641
10728	8070
10736	12595
11204	15658
9108	9200
6383	15788
6078	10495
9524	9741
10819	14566
7075	8497
11134	10089
6727	8651
7128	8556
6659	13894
6616	13107
6778	8506
10956	9400
10355	15818
11357	9272
9113	12872
11866	14128
10739	10481
10530	10377
11039	14199
7177	8875
9862	8855
11556	14741
6687	12618
7761	13134
11627	8148
8657	8183
11154	12055
6499	14313
11897	10147
9691	9112
11213	10399
11337	9043
11555	14059
7326	15290
11306	9321
7971	13174
6054	15030
9062	10487
6324	13866
9035	12663
8304	13232
11464	8233
9594	8078
10095	12163
11424	11327
7862	9884
9158	13070
8822	12691
6572	10673
6308	8742
6652	8649
11911	9465
6324	11455
9883	12821
9100	13359
11709	15171
8872	10514
6228	13157
8725	10415
7086	8920
10739	8444
11036	12075
11704	9704
10508	10955
10387	8435
6462	8107
6566	12298
6307	15067
11819	12494
6281	9345
7869	8962
8204	15905
11123	10298
10132	10277
6452	9305
11995	13816
11907	14302
6588	8146
7645	8577
11918	14355
9116	13002
8415	11213
7335	9312
6446	10141
6408	10957
11207	11701
10535	8287
11420	13305
7821	13979
9217	9173
6670	8199
6997	12580
6785	12838
8722	12300
7012	8575
11728	13753
7147	13366
10907	12374
8616	11828
11434	11185
7412	12601
6863	9939
9124	10458
10987	8837
11129	15584
6144	13612
6199	10348
10747	8812
9438	15619
6230	11149
11305	11238
6263	13253
11345	13236
6168	8478
11007	8647
9799	8403
6236	11095
9047	9637
11181	8109
10238	8807
6605	8710
11595	11789
7297	13057
11716	11823
11790	12266
11733	10672
6178	14487
6521	11472
7679	8478
9466	8663
11590	8534
10643	9827
11684	15928
6307	10907
11770	15153
7977	8078
8716	9344
10223	15411
9508	8729
6899	8520
10633	8533
8164	12695
11311	12727
6203	14691
6149	15978
8387	9582
10752	9022
9359	9284
10869	10771
6436	9706
9764	12884
6621	14595
6029	12556
6416	15004
10216	8029
10844	11723
6364	13060
9323	11052
6030	12791
9380	12923
8043	8630
7199	8494
6419	15845
11877	12844
11778	13750
6057	9106
10011	8039
11518	12947
11971	10241
11682	8552
8629	8933
11801	13812
6327	10506
10685	8679
11403	10037
8693	8283
8492	13559
11661	9794
10963	9820
11954	10662
11903	14468
11790	11999
7342	8844
6376	8055
10273	14002
9964	8067
11449	8011
11798	8854
8649	9426
10577	11248
11672	8753
9046	13129
11229	14292
6818	15535
10836	10473
11675	14303
11125	10021
10957	13261
6404	14224
8932	9635
11552	14906
6853	15669
7021	8009
6046	12487
10642	14560
11797	8481
11582	15822
7334	13364
9183	11507
11753	14492
6195	11348
11570	15737
9859	8075
8926	12816
6426	13822
10654	15759
11575	9983
10898	8364
6051	8525
10923	8196
6697	14300
6105	13191
11741	10424
11336	10298
11865	9697
11424	10535
11593	10301
11960	12166
10320	12911
6237	12333
11334	10823
6855	9873
7092	8530
7677	12266
10243	11523
11906	15557
6456	14803
6909	8739
10685	8583
9673	10269
10618	9210
9200	14440
9071	12618
10708	13389
9343	8377
6309	15396
6382	13125
6839	9515
6549	13303
6057	12423
9268	14608
6927	8003
11161	15775
7367	8327
7589	8690
6244	14942
11782	8526
11640	9658
8379	8163
6571	12229
11095	12478
10851	8294
10286	9006
9598	8862
7096	11571
6179	10382
6289	14080
8399	8542
10217	9654
9280	9640
11978	15313
6759	8896
6721	12951
7779	8186
7884	12584
8172	8958
11324	13293
6316	8449
11043	9846
10460	8935
8983	8068
11026	15841
7781	13013
10643	9993
6808	12519
11153	14021
11561	15536
9408	12855
11757	9389
11059	10057
6538	10331
9502	8808
6773	10381
11631	9140
9921	12754
8429	9844
7171	15828
7329	13185
6399	10340
6410	9402
6550	9872
10532	15718
8188	8300
10567	9942
6169	12142
9450	9750
6513	9942
6139	10399
6099	15408
6035	12839
6359	8649
11241	8774
11841	8472
10616	9046
8076	8091
6446	8171
6081	12844
11352	8101
7823	12475
9975	14243
8748	11335
7335	9572
10792	13149
9948	8230
6332	9977
7470	12843
10124	14266
11959	8588
6702	11311
7854	15629
6624	8574
7217	9134
6588	9458
10694	8353
10478	8870
11991	15593
11237	13062
11544	15783
11847	14695
11628	14581
11545	9783
6130	13512
10941	8735
7037	12511
9840	8686
10077	8930
6202	15170
11825	14413
8549	8607
11408	8612
6203	10042
8817	9497
11673	8355
11626	9746
11599	13027
6089	11226
8920	10393
6599	8530
10725	13591
9146	13496
6345	12351
9945	11734
6519	15708
8600	10222
11475	8439
10086	13362
6862	10197
6487	12107
6467	15524
6530	9382
11204	9598
10866	12854
7937	14817
11797	13587
10908	12936
6761	15506
11724	14361
6669	8795
6696	15888
11307	9156
6168	14569
6074	8826
7351	14072
7904	8321
11317	13187
6490	9340
7356	10539
11589	9639
11836	11872
11002	15715
6014	12180
6129	8455
11324	11017
11800	13440
6113	14394
7772	12522
6322	10964
10959	13961
11874	8196
9000	11198
10905	8907
11684	15387
6169	9892
9272	12269
7357	13038
6345	13268
6665	9213
6333	8213
6975	12222
9961	8399
7808	8338
11662	15720
11157	14420
10897	8969
11229	13164
9975	8503
7439	13661
9143	11994
7774	13411
6369	9950
6086	14090
6535	9338
7327	8627
11670	12055
6826	13736
11705	10315
9339	8588
6161	8789
9158	10268
7142	9838
7354	8732
6047	8083
6286	8267
11785	13210
11522	15069
6973	10398
6434	9258
10463	9205
10038	14625
6061	14400
11644	8508
6740	14529
11666	9460
7965	15222
7920	8196
8232	10351
6607	14938
8743	11534
10022	8709
6630	10790
10424	12695
6853	8137
11715	9975
10715	13078
9956	8721
6955	15864
6552	9548
9284	11290
6515	15800
11264	8030
8333	9150
11477	14093
7668	9061
11767	9920
7310	12555
11433	9914
8724	11129
6165	10069
10152	14095
6654	14700
11461	8325
9894	15900
11184	13299
11542	10555
6522	12956
8436	8049
6480	13842
6448	12715
11112	9247
11430	8757
8451	9065
8914	13459
6167	14813
10242	8941
9875	13810
6129	11189
11413	15283
9456	8582
11581	15900
7285	8495
8187	11135
6698	8244
8617	10367
11238	9740
6246	8845
6232	9371
6204	15099
6189	15222
6883	9266
6228	10764
10349	9422
7083	8267
9004	12293
6189	13167
10333	13044
10090	8107
10923	14250
6550	10585
11619	15124
8182	13895
11526	13657
7664	12658
7094	12796
11658	8934
6129	11236
8975	12766
9034	8442
9942	10232
10615	12551
6471	9377
9694	10750
11434	15447
6217	10806
10986	9135
6848	9712
10655	9532
11453	8592
6067	13412
8388	12752
10471	8346
7905	13080
6064	11797
8543	8907
8025	8085
6062	9239
6153	9772
11584	15485
6150	12222
6449	10249
11841	13292
11660	11565
11978	9218
8579	8057
9592	13672
6212	14383
11358	8423
7954	12574
9181	10024
7110	10287
6483	8433
10399	15947
9607	10983
7922	8378
6808	8124
10308	15749
8991	9608
11832	9778
8112	8134
6083	12459
10423	15151
11296	8116
9030	9568
10808	10930
10925	12993
7078	12266
7933	12877
9502	8255
10120	12807
9765	12821
11328	14894
6443	12874
11549	9933
9364	10816
8487	11958
10198	8448
10851	9598
11994	14742
7360	15579
8616	15571
8770	10390
7311	15760
10918	11618
7165	15975
11769	9033
8295	8617
11521	13174
11823	10000
11115	10538
6358	10348
11060	12193
8283	12600
11505	15676
10682	15820
6617	13777
10892	8107
11182	8061
6102	13959
11216	9199
6381	13718
11190	8382
9101	9464
8817	9183
11021	15758
10296	9730
6549	11116
7573	11212
6356	14190
6063	11123
6183	11836
10607	15638
6093	13278
7921	10685
11724	8812
11162	13825
11922	10104
9215	10788
6992	13486
6241	12431
9921	8463
7661	8136
6898	8262
11585	15368
10714	12761
10638	13124
10700	15876
6772	9350
8958	13096
6676	9990
11502	12516
11355	9999
10573	8151
7376	8088
10922	15873
11702	9569
6623	8456
10550	15083
11287	8754
11245	8939
8885	13076
8526	12411
6077	13132
9090	8588
11185	11531
11859	9963
9180	10364
6082	9415
11499	8480
11592	11561
6976	8076
6872	8007
7588	9368
7300	9854
6149	9522
6315	14714
10285	12610
6240	15589
6793	9221
10992	8996
6888	8611
7021	13629
7568	11783
10827	12718
8979	10399
10442	14484
11994	13374
6374	9700
8919	9515
9476	12636
11848	14861
6296	9943
11462	14710
6202	9093
6474	11138
11677	8138
6884	11431
7331	8510
10425	8648
11150	15546
8523	10125
8136	8030
9791	13566
6150	8675
11371	9764
9785	9248
11383	9822
6536	8831
11513	11929
9753	12222
9991	8568
9739	9770
10512	12736
11832	8557
8790	10670
9258	10876
11541	9872
11551	10205
8684	9103
10707	12899
11894	8860
11413	9230
9070	10018
9913	9727
6669	9896
6640	12576
6051	14485
6784	8930
11643	15084
11413	12059
9282	10957
7439	14332
10389	12659
11744	15252
8026	9313
10492	10838
9609	9106
10424	11545
6097	12890
10000	11008
6836	13964
11421	15037
11048	9240
9630	8644
11132	13331
6092	11944
6016	10933
11877	13790
9877	15392
11859	15324
11445	12370
6323	11218
6788	11402
6275	13619
11936	8976
7522	9709
11576	10455
6792	14066
11485	8862
7008	9143
9924	12265
6609	9389
11102	11534
6021	8960
8813	12342
11255	11556
6668	14637
6355	13211
6348	12303
9624	8184
9405	9822
11325	8261
9418	9986
6457	15095
11468	11679
11045	11277
6676	13644
11140	13099
9059	13284
6336	10314
7296	8703
6285	8421
6568	8195
6128	12587
9652	12713
7392	8688
6919	8686
11765	9638
6175	13430
7175	12602
6270	15274
11132	13181
10888	8413
7969	12650
6339	12791
6872	8296
6384	10489
11404	14232
7242	8782
9260	13217
8103	10402
11947	9942
9571	9795
10876	8795
9278	13404
11577	13482
7699	13304
6022	10054
6215	12010
6993	12441
11093	15072
8871	9665
11302	10760
8269	9950
10464	13264
11409	8784
11840	8099
9971	12864
6438	8457
10690	13314
7520	12980
10668	15983
7827	12619
7679	8284
6879	8344
9296	9867
10351	8338
7948	8594
11847	10149
10079	13687
9961	9909
6520	8921
6098	12303
6253	10987
11773	11673
10452	13335
6188	10626
7547	8059
7213	12526
6757	9791
11378	15241
10628	8781
7201	10107
6047	9346
9754	13136
11366	8993
10070	8662
10046	9990
11292	15372
6987	13383
6782	9746
9573	8257
6351	13503
6327	15953
7035	8681
11048	15920
10722	15991
9148	14257
11964	15844
11942	8447
8714	8960
11599	8608
11823	12793
6383	12931
10733	13019
9672	9429
7749	14546
10598	8277
6366	11130
10309	15684
7608	13157
11342	15887
8551	10409
8982	13288
11001	14506
8063	9145
9840	14246
9113	10075
8796	10541
6069	11184
11381	15432
6404	10217
10512	15971
6381	9615
6457	10049
11799	14955
6253	12897
10434	8772
10972	14994
9274	12103
8009	10118
6977	13021
11670	9407
6566	15808
10149	13442
8997	8743
11776	8681
11953	9441
11792	11109
8761	11729
10573	15961
11735	9608
10175	9471
7054	9995
9518	8132
6205	12617
6250	8755
6084	9360
7704	9328
10541	14550
10424	8066
9912	14364
6357	15398
10844	8936
11986	13571
6854	9361
6302	14371
7518	8133
10754	9532
10647	11023
10532	8096
10483	13532
11685	9753
10637	9450
6490	9839
11753	13103
11480	15894
11822	9728
7387	8038
10709	11723
7037	9688
6295	10323
6130	14445
11935	14938
6227	8038
11562	11281
6290	12212
10430	15334
11901	9427
8598	13043
7256	13851
10342	12328
6682	14377
11728	12120
11295	13551
11067	10345
11401	15860
9362	12798
11202	15747
6990	9083
7731	8209
6619	11457
11891	14815
11300	8032
6292	12651
10608	12666
9041	12140
8744	15371
11352	15784
11705	8694
10675	8411
10884	10097
10401	12190
6616	12364
7153	9140
9223	13277
6370	15505
11517	9724
10619	12776
10763	15126
10892	9828
10495	12984
10529	11367
6194	11112
11905	15121
9813	13212
8948	12683
6255	8556
6562	8407
6058	13492
6126	10686
6504	9082
10641	8468
10806	15205
10671	12233
6583	8814
11559	14553
8805	13487
8501	15952
11223	15836
8819	9046
11168	8197
9915	8044
9257	10068
7236	8421
11457	10314
11351	15374
11266	15801
11061	9488
11355	9345
6072	13054
7491	12020
7196	12439
6368	9572
10526	9219
11465	15848
11635	15824
6141	11516
11632	8455
6248	11279
11580	10899
10218	13186
8068	14333
6248	8076
11104	8151
6554	14142
9992	12622
6109	9954
6227	15247
8815	8172
9711	12828
10942	8676
